[TILESET]
CaveSheet

[NPCS]
Bat 19 302 1561
Bat 20 240 1620
Bat 20 357 1571
Bat 20 1569 419
Bat 21 1180 241
Bat 22 1153 307
Bat 20 624 651
Bat 20 178 481
Eye 21 309 115
Eye 20 229 161
Eye 21 283 667
Eye 21 1587 336
RollingThing 21 1412 872
RollingThing 21 345 988
RollingThing 20 569 929
RollingThing 20 593 1109
RollingThing 22 474 323
RollingThing 20 816 173

[WARPS]
772 1778 64 16 Mountain01 1650 2020
1808 738 16 64 Mountain01 2000 1396

[TERRAIN]
0 0 0 0 0 0 0 0 0 0 0 0 0 0 0 0 0 0 0 0 0 0 0 0 0 0 0 0 0 0 0 0 0 0 0 0 0 0 0 0 0 0 0 0 0 0 0 0 0 0 0 0 0 0 0 0 0 0 0 0 
0 0 0 0 0 0 0 0 8 4 4 4 9 0 0 0 0 0 0 0 0 0 0 0 0 0 0 0 0 0 0 0 0 0 0 0 0 0 0 0 0 0 0 0 0 0 0 0 0 0 0 0 0 0 0 0 0 0 0 0 
0 0 0 0 0 8 4 4 12 1 3 1 13 4 4 4 9 0 0 0 0 0 0 0 0 8 9 0 0 0 0 0 0 0 0 0 0 0 0 0 0 0 0 0 0 0 0 0 0 0 8 9 0 0 0 0 0 0 0 0 
0 0 0 0 0 5 3 3 3 3 2 1 1 1 1 1 13 4 9 0 0 0 0 8 4 12 13 9 0 0 8 9 0 0 0 0 0 0 0 0 0 0 0 0 0 0 0 8 4 4 12 13 4 4 9 0 0 0 0 0 
0 0 0 0 0 5 3 2 1 1 1 1 14 6 6 15 1 1 13 4 4 4 4 12 1 3 1 7 0 0 5 7 0 0 0 8 4 4 9 0 0 0 0 0 0 0 0 11 6 6 15 3 3 2 7 0 0 0 0 0 
0 0 0 0 8 12 1 2 2 14 6 6 10 0 8 12 3 1 1 2 1 2 1 2 3 3 1 13 9 0 5 7 0 0 8 12 1 1 7 0 0 0 0 0 0 0 0 0 0 0 11 15 1 2 13 9 0 0 0 0 
0 0 0 0 5 1 14 6 6 10 0 0 0 0 5 1 3 1 14 6 6 6 15 1 3 1 1 14 10 0 5 7 0 8 12 1 2 3 13 9 0 0 0 0 0 0 0 0 0 0 0 11 6 15 1 13 9 0 0 0 
0 0 0 8 12 1 7 0 0 0 0 0 0 8 12 1 14 6 10 0 0 0 11 6 15 1 14 10 0 8 12 7 0 5 1 1 3 3 1 13 4 4 9 0 0 0 0 0 0 0 0 0 0 11 15 2 7 0 0 0 
0 0 8 12 2 1 13 9 0 0 0 0 8 12 2 2 13 9 0 0 0 0 0 0 11 6 10 0 0 5 14 10 0 11 15 1 3 2 1 1 2 1 13 4 9 0 0 8 4 4 9 0 0 0 11 15 7 0 0 0 
0 0 5 2 1 14 6 10 0 0 8 4 12 1 3 1 1 13 4 4 4 9 0 0 0 0 0 0 0 11 10 0 0 8 12 1 3 1 14 6 6 15 1 2 13 9 0 5 3 1 13 4 9 0 0 5 7 0 0 0 
0 0 11 15 14 10 0 0 0 0 11 15 1 2 3 3 3 1 1 1 1 13 4 9 0 0 0 0 0 0 0 0 0 5 1 1 1 14 10 0 0 11 6 15 1 13 4 12 1 2 2 3 7 0 0 11 10 0 0 0 
0 0 0 5 7 0 0 0 0 0 0 11 15 2 2 3 3 1 1 1 1 1 1 13 4 9 0 0 0 0 0 0 0 11 6 15 1 7 0 0 0 0 0 11 15 1 2 2 2 1 1 14 10 0 0 0 0 0 0 0 
0 0 8 12 7 0 0 0 0 0 0 8 12 1 1 1 14 6 6 6 6 6 15 1 1 13 4 9 0 0 0 0 0 0 0 5 1 13 9 0 0 0 0 0 11 15 1 2 2 2 3 7 0 0 0 0 0 0 0 0 
0 0 5 1 13 4 9 0 0 0 0 11 6 6 15 1 7 0 0 0 0 0 11 6 6 15 1 13 9 0 0 0 0 0 0 11 15 1 7 0 0 0 0 0 0 11 6 15 1 2 14 10 0 0 0 0 0 0 0 0 
0 0 11 15 1 1 13 9 0 0 0 0 0 8 12 14 10 0 0 0 0 0 0 0 0 5 1 1 7 0 0 0 0 0 0 0 5 1 7 0 0 0 0 0 0 0 0 5 1 3 7 0 0 0 0 0 0 0 0 0 
0 0 0 11 15 2 2 7 0 0 0 0 0 11 6 10 0 0 0 0 0 0 0 0 0 11 15 1 7 0 0 0 0 0 0 0 5 1 13 9 0 0 0 0 0 0 0 11 6 6 10 0 0 0 0 0 0 0 0 0 
0 0 0 0 5 1 14 10 0 0 0 0 0 0 0 0 0 0 0 0 0 0 0 0 0 0 5 14 10 0 0 0 0 0 0 0 5 3 1 7 0 0 0 0 0 0 0 0 0 0 0 0 0 0 0 0 0 0 0 0 
0 0 0 0 11 6 10 0 0 0 0 0 0 0 0 0 0 0 0 0 0 0 0 0 0 8 12 7 0 0 0 0 0 0 0 0 5 3 1 13 9 0 0 0 0 0 0 0 0 0 0 0 0 0 0 0 0 0 0 0 
0 0 0 0 0 0 0 0 0 0 0 0 0 0 0 0 0 0 8 9 0 0 0 0 8 12 1 7 0 0 0 0 0 0 0 8 12 1 1 1 7 0 0 0 0 0 0 0 0 0 0 0 0 0 0 0 0 0 0 0 
0 0 0 0 0 0 0 8 4 4 9 0 0 0 0 0 0 8 12 13 9 0 0 0 5 2 1 13 9 0 0 0 0 8 4 12 1 1 14 6 10 0 0 0 0 0 0 8 4 4 9 0 0 0 0 0 0 0 0 0 
0 0 0 0 0 0 0 5 2 2 7 0 0 0 0 0 0 5 1 1 13 9 8 4 12 2 3 1 13 9 0 0 0 5 1 1 1 14 10 0 0 0 0 0 0 8 4 12 2 1 13 4 9 0 8 4 9 0 0 0 
0 0 0 0 0 0 8 12 2 14 10 0 0 8 4 9 0 11 15 2 1 13 12 1 1 14 15 1 1 13 9 0 8 12 1 1 14 10 0 0 0 0 0 8 4 12 2 1 14 15 1 2 13 4 12 2 7 0 0 0 
0 0 0 0 0 8 12 2 2 7 0 0 8 12 14 10 0 0 5 2 2 2 1 14 6 10 11 6 15 1 13 4 12 1 14 6 10 0 0 0 0 0 0 5 1 2 14 6 10 11 15 1 1 1 3 1 7 0 0 0 
0 0 0 0 0 5 1 1 14 10 0 0 5 14 10 0 0 0 5 1 1 14 6 10 0 0 0 0 11 15 1 3 3 14 10 0 0 0 0 0 0 0 8 12 2 1 7 0 0 0 5 2 2 3 3 2 17 0 0 0 
0 0 0 0 8 12 2 1 7 0 0 0 11 10 0 0 0 8 12 1 14 10 0 0 0 0 0 0 0 11 15 3 3 7 0 0 0 0 0 0 0 0 5 2 1 2 13 9 0 0 11 15 2 2 2 2 21 0 0 0 
0 0 0 0 5 1 1 3 13 9 0 0 0 0 0 0 0 5 1 1 7 0 0 0 0 0 0 0 0 0 11 6 6 10 0 0 0 0 0 0 8 4 12 1 1 14 15 7 0 0 0 11 6 6 15 2 7 0 0 0 
0 0 0 0 5 14 6 15 1 13 9 0 8 4 4 9 8 12 1 14 10 0 0 0 0 0 0 0 0 0 0 0 0 0 0 0 0 0 0 8 12 2 2 3 1 7 11 10 0 0 0 0 0 0 11 6 10 0 0 0 
0 0 0 0 11 10 0 5 2 1 13 4 12 1 1 13 12 1 1 7 0 0 0 0 0 0 0 0 0 0 0 0 0 0 0 0 0 0 0 5 1 2 3 3 1 13 9 0 0 0 0 0 0 0 0 0 0 0 0 0 
0 0 0 0 0 0 0 5 2 2 1 1 2 2 1 1 1 1 3 13 9 0 0 0 0 8 4 4 9 0 0 0 0 0 0 0 0 0 0 11 15 1 1 2 2 1 13 9 0 0 0 0 0 0 0 0 0 0 0 0 
0 0 0 0 0 0 0 11 15 1 2 3 3 3 3 3 3 2 1 1 13 9 0 0 8 12 1 1 13 4 9 0 0 0 0 0 0 0 0 0 11 6 15 1 2 2 1 13 9 0 0 0 0 0 0 0 0 0 0 0 
0 0 0 0 0 0 0 0 5 1 3 3 2 14 15 2 3 3 1 1 1 13 4 4 12 2 3 3 3 1 13 4 4 9 0 0 0 0 0 0 0 0 11 6 6 15 2 2 7 0 0 0 0 0 0 0 0 0 0 0 
0 0 0 0 0 0 0 0 5 1 3 1 2 13 12 2 2 2 1 2 3 1 1 2 2 2 1 3 3 2 2 2 1 13 9 0 0 0 8 9 0 0 0 0 0 11 15 2 7 0 0 0 0 0 0 0 0 0 0 0 
0 0 0 0 8 4 4 4 12 2 2 1 2 2 2 1 14 15 1 2 3 1 14 6 6 15 1 3 3 14 6 6 6 15 7 0 0 0 11 10 0 0 0 0 0 0 5 1 13 9 0 0 0 0 0 0 0 0 0 0 
0 0 0 0 11 6 15 2 1 3 3 3 3 3 3 3 13 12 2 3 3 14 10 0 0 11 15 1 3 13 4 9 0 11 10 0 0 0 0 0 0 0 0 0 0 8 12 2 1 13 9 0 0 0 0 0 0 0 0 0 
0 0 0 0 0 0 11 15 1 3 2 14 15 2 3 3 1 1 2 3 1 7 0 0 0 8 12 2 2 14 15 7 0 0 0 0 0 0 0 0 0 0 8 4 4 12 2 2 2 2 13 9 0 0 0 0 0 0 0 0 
0 0 0 0 0 0 0 11 15 3 2 13 12 1 1 3 3 2 3 3 1 7 0 0 0 5 1 2 1 7 11 10 0 0 0 0 0 0 0 0 8 4 12 1 2 2 2 1 1 2 1 7 0 0 0 8 9 0 0 0 
0 0 0 0 0 0 0 0 5 3 3 3 1 1 1 1 3 3 3 2 1 7 0 0 8 12 2 2 14 10 0 0 0 0 0 8 9 8 4 4 12 1 1 14 6 6 6 15 1 1 14 10 0 0 0 5 7 0 0 0 
0 0 0 0 0 0 0 8 12 2 2 1 1 14 6 15 1 2 3 1 14 10 0 8 12 2 1 14 10 0 0 0 0 0 0 5 13 12 2 2 2 2 14 10 0 0 0 11 6 6 10 0 0 0 8 12 7 0 0 0 
0 0 0 0 0 0 0 11 15 1 2 14 6 10 0 11 15 1 2 1 7 0 0 5 1 2 2 7 0 0 0 0 0 0 8 12 2 3 3 3 3 2 7 0 0 0 0 0 0 0 0 0 0 8 12 1 7 0 0 0 
0 0 0 0 0 0 0 0 5 2 14 10 0 0 0 0 5 1 2 2 7 0 0 11 15 3 3 13 9 0 0 8 4 4 12 1 2 2 14 15 1 1 13 9 0 0 0 0 0 8 4 9 0 5 3 3 7 0 0 0 
0 0 0 0 0 0 0 0 11 6 10 0 0 0 0 0 5 1 1 14 10 0 0 0 11 15 3 1 13 9 8 12 3 2 1 14 6 6 10 11 15 1 1 7 0 0 0 0 0 5 2 13 4 12 14 6 10 0 0 0 
0 0 0 0 0 0 0 0 0 0 0 0 0 0 0 8 12 1 1 13 9 0 0 0 0 11 15 2 2 13 12 1 3 1 14 10 0 0 0 0 11 15 2 7 0 0 0 0 0 11 6 15 2 1 13 9 0 0 0 0 
0 0 0 0 0 0 0 0 0 0 0 0 0 0 8 12 2 2 2 1 7 0 0 0 0 0 11 6 15 2 2 1 14 6 10 0 0 0 0 0 8 12 1 7 0 0 0 0 0 0 0 11 6 15 2 7 0 0 0 0 
0 0 0 8 9 0 0 0 0 0 0 0 8 4 12 1 1 1 1 2 13 9 0 0 0 0 0 0 11 6 6 6 10 0 0 0 0 0 0 8 12 1 14 10 0 0 0 0 0 0 0 0 0 11 15 13 9 0 0 0 
0 0 0 5 7 0 0 0 0 0 8 4 12 2 1 2 1 1 1 2 2 13 4 9 0 0 0 0 0 0 0 0 0 0 0 0 0 0 8 12 2 1 13 9 0 8 9 0 0 0 0 0 0 0 11 15 7 0 0 0 
0 0 0 11 10 8 4 9 0 8 12 1 1 2 1 1 1 2 3 3 3 3 2 13 4 9 0 0 0 0 0 0 0 0 0 0 8 4 12 2 2 1 1 13 4 12 7 0 0 0 0 0 0 0 0 11 10 0 0 0 
0 0 0 0 0 11 15 13 4 12 1 2 2 1 14 6 6 6 6 15 1 3 2 1 1 13 9 0 0 0 0 0 0 0 0 0 5 1 1 3 2 14 15 1 2 2 13 9 0 0 0 0 0 0 0 0 0 0 0 0 
0 0 0 0 0 0 11 15 2 3 2 1 14 6 10 0 0 0 0 5 1 1 3 3 2 2 13 9 0 0 0 0 0 0 0 8 12 2 3 2 14 10 11 6 6 15 2 13 9 0 8 9 0 0 0 0 0 0 0 0 
0 0 0 0 0 0 8 12 2 2 1 1 7 0 0 0 0 0 0 11 15 1 1 3 3 2 1 13 9 0 0 0 0 0 8 12 2 3 3 2 7 0 0 0 0 11 15 1 7 0 5 7 0 0 0 0 0 0 0 0 
0 0 0 0 0 0 5 2 3 1 1 2 7 0 0 0 0 0 0 0 5 1 2 1 1 2 3 2 7 0 0 0 8 9 11 6 15 3 2 14 10 0 0 0 0 0 5 2 13 9 5 13 9 0 0 0 0 0 0 0 
0 0 0 0 0 8 12 2 2 2 2 2 13 9 0 0 0 0 0 0 5 2 3 1 3 1 1 1 7 0 0 0 11 10 0 0 5 1 2 7 0 0 0 0 0 0 5 2 1 7 5 14 10 0 0 0 0 0 0 0 
0 0 0 0 0 11 6 15 1 14 15 3 2 13 4 9 0 0 0 0 11 15 3 2 1 1 2 1 7 0 0 0 0 0 0 0 11 15 2 7 0 0 0 0 0 0 11 15 2 13 12 7 0 0 0 0 0 0 0 0 
0 0 0 0 0 8 9 11 6 10 11 6 6 6 15 13 9 0 0 0 0 5 1 2 1 1 2 14 10 0 0 0 0 0 0 0 0 5 14 10 0 0 0 0 0 0 0 5 1 2 2 13 4 9 0 0 0 0 0 0 
0 0 0 0 8 12 7 0 0 0 0 0 0 0 11 6 10 0 0 0 0 11 15 2 3 2 1 7 0 0 0 0 0 0 0 0 0 11 10 0 0 0 0 0 0 0 8 12 3 3 2 2 2 13 9 0 0 0 0 0 
0 0 0 0 5 14 10 0 0 0 0 0 0 0 0 0 0 0 0 0 0 0 11 15 1 2 14 10 0 0 0 0 0 0 0 0 0 0 0 0 0 0 0 8 9 8 12 1 2 3 2 14 6 15 7 0 0 0 0 0 
0 0 0 0 11 10 0 0 0 0 0 0 0 0 0 0 0 0 0 0 0 0 0 11 22 18 10 0 0 0 0 0 0 0 0 0 0 0 0 0 0 0 8 12 7 11 6 15 1 3 14 10 0 5 13 9 0 0 0 0 
0 0 0 0 0 0 0 0 0 0 0 0 0 0 0 0 0 0 0 0 0 0 0 0 0 0 0 0 0 0 0 0 0 0 0 0 0 0 0 0 0 0 11 6 10 0 0 11 6 6 10 0 0 11 6 10 0 0 0 0 
0 0 0 0 0 0 0 0 0 0 0 0 0 0 0 0 0 0 0 0 0 0 0 0 0 0 0 0 0 0 0 0 0 0 0 0 0 0 0 0 0 0 0 0 0 0 0 0 0 0 0 0 0 0 0 0 0 0 0 0 
0 0 0 0 0 0 0 0 0 0 0 0 0 0 0 0 0 0 0 0 0 0 0 0 0 0 0 0 0 0 0 0 0 0 0 0 0 0 0 0 0 0 0 0 0 0 0 0 0 0 0 0 0 0 0 0 0 0 0 0 
0 0 0 0 0 0 0 0 0 0 0 0 0 0 0 0 0 0 0 0 0 0 0 0 0 0 0 0 0 0 0 0 0 0 0 0 0 0 0 0 0 0 0 0 0 0 0 0 0 0 0 0 0 0 0 0 0 0 0 0 

[COLLISION]
0 0 0 0 0 0 0 0 0 0 0 0 0 0 0 0 0 0 0 0 0 0 0 0 0 0 0 0 0 0 0 0 0 0 0 0 0 0 0 0 0 0 0 0 0 0 0 0 0 0 0 0 0 0 0 0 0 0 0 0 
0 0 0 0 0 0 0 0 6 2 2 2 7 0 0 0 0 0 0 0 0 0 0 0 0 0 0 0 0 0 0 0 0 0 0 0 0 0 0 0 0 0 0 0 0 0 0 0 0 0 0 0 0 0 0 0 0 0 0 0 
0 0 0 0 0 6 2 2 13 0 0 0 12 2 2 2 7 0 0 0 0 0 0 0 0 6 7 0 0 0 0 0 0 0 0 0 0 0 0 0 0 0 0 0 0 0 0 0 0 0 6 7 0 0 0 0 0 0 0 0 
0 0 0 0 0 5 0 0 0 0 0 0 0 0 0 0 12 2 7 0 0 0 0 6 2 13 12 7 0 0 6 7 0 0 0 0 0 0 0 0 0 0 0 0 0 0 0 6 2 2 13 12 2 2 7 0 0 0 0 0 
0 0 0 0 0 5 0 0 0 0 0 0 10 4 4 11 0 0 12 2 2 2 2 13 0 0 0 3 0 0 5 3 0 0 0 6 2 2 7 0 0 0 0 0 0 0 0 8 4 4 11 0 0 0 3 0 0 0 0 0 
0 0 0 0 6 13 0 0 0 10 4 4 9 0 6 13 0 0 0 0 0 0 0 0 0 0 0 12 7 0 5 3 0 0 6 13 0 0 3 0 0 0 0 0 0 0 0 0 0 0 8 11 0 0 12 7 0 0 0 0 
0 0 0 0 5 0 10 4 4 9 0 0 0 0 5 0 0 0 10 4 4 4 11 0 0 0 0 10 9 0 5 3 0 6 13 0 0 0 12 7 0 0 0 0 0 0 0 0 0 0 0 8 4 11 0 12 7 0 0 0 
0 0 0 6 13 0 3 0 0 0 0 0 0 6 13 0 10 4 9 0 0 0 8 4 11 0 10 9 0 6 13 3 0 5 0 0 0 0 0 12 2 2 7 0 0 0 0 0 0 0 0 0 0 8 11 0 3 0 0 0 
0 0 6 13 0 0 12 7 0 0 0 0 6 13 0 0 12 7 0 0 0 0 0 0 8 4 9 0 0 5 10 9 0 8 11 0 0 0 0 0 0 0 12 2 7 0 0 6 2 2 7 0 0 0 8 11 3 0 0 0 
0 0 5 0 0 10 4 9 0 0 6 2 13 0 0 0 0 12 2 2 2 7 0 0 0 0 0 0 0 8 9 0 0 6 13 0 0 0 10 4 4 11 0 0 12 7 0 5 0 0 12 2 7 0 0 5 3 0 0 0 
0 0 8 11 10 9 0 0 0 0 8 11 0 0 0 0 0 0 0 0 0 12 2 7 0 0 0 0 0 0 0 0 0 5 0 0 0 10 9 0 0 8 4 11 0 12 2 13 0 0 0 0 3 0 0 8 9 0 0 0 
0 0 0 5 3 0 0 0 0 0 0 8 11 0 0 0 0 0 0 0 0 0 0 12 2 7 0 0 0 0 0 0 0 8 4 11 0 3 0 0 0 0 0 8 11 0 0 0 0 0 0 10 9 0 0 0 0 0 0 0 
0 0 6 13 3 0 0 0 0 0 0 6 13 0 0 0 10 4 4 4 4 4 11 0 0 12 2 7 0 0 0 0 0 0 0 5 0 12 7 0 0 0 0 0 8 11 0 0 0 0 0 3 0 0 0 0 0 0 0 0 
0 0 5 0 12 2 7 0 0 0 0 8 4 4 11 0 3 0 0 0 0 0 8 4 4 11 0 12 7 0 0 0 0 0 0 8 11 0 3 0 0 0 0 0 0 8 4 11 0 0 10 9 0 0 0 0 0 0 0 0 
0 0 8 11 0 0 12 7 0 0 0 0 0 6 13 10 9 0 0 0 0 0 0 0 0 5 0 0 3 0 0 0 0 0 0 0 5 0 3 0 0 0 0 0 0 0 0 5 0 0 3 0 0 0 0 0 0 0 0 0 
0 0 0 8 11 0 0 3 0 0 0 0 0 8 4 9 0 0 0 0 0 0 0 0 0 8 11 0 3 0 0 0 0 0 0 0 5 0 12 7 0 0 0 0 0 0 0 8 4 4 9 0 0 0 0 0 0 0 0 0 
0 0 0 0 5 0 10 9 0 0 0 0 0 0 0 0 0 0 0 0 0 0 0 0 0 0 5 10 9 0 0 0 0 0 0 0 5 0 0 3 0 0 0 0 0 0 0 0 0 0 0 0 0 0 0 0 0 0 0 0 
0 0 0 0 8 4 9 0 0 0 0 0 0 0 0 0 0 0 0 0 0 0 0 0 0 6 13 3 0 0 0 0 0 0 0 0 5 0 0 12 7 0 0 0 0 0 0 0 0 0 0 0 0 0 0 0 0 0 0 0 
0 0 0 0 0 0 0 0 0 0 0 0 0 0 0 0 0 0 6 7 0 0 0 0 6 13 0 3 0 0 0 0 0 0 0 6 13 0 0 0 3 0 0 0 0 0 0 0 0 0 0 0 0 0 0 0 0 0 0 0 
0 0 0 0 0 0 0 6 2 2 7 0 0 0 0 0 0 6 13 12 7 0 0 0 5 0 0 12 7 0 0 0 0 6 2 13 0 0 10 4 9 0 0 0 0 0 0 6 2 2 7 0 0 0 0 0 0 0 0 0 
0 0 0 0 0 0 0 5 0 0 3 0 0 0 0 0 0 5 0 0 12 7 6 2 13 0 0 0 12 7 0 0 0 5 0 0 0 10 9 0 0 0 0 0 0 6 2 13 0 0 12 2 7 0 6 2 7 0 0 0 
0 0 0 0 0 0 6 13 0 10 9 0 0 6 2 7 0 8 11 0 0 12 13 0 0 10 11 0 0 12 7 0 6 13 0 0 10 9 0 0 0 0 0 6 2 13 0 0 10 11 0 0 12 2 13 0 3 0 0 0 
0 0 0 0 0 6 13 0 0 3 0 0 6 13 10 9 0 0 5 0 0 0 0 10 4 9 8 4 11 0 12 2 13 0 10 4 9 0 0 0 0 0 0 5 0 0 10 4 9 8 11 0 0 0 0 0 3 0 0 0 
0 0 0 0 0 5 0 0 10 9 0 0 5 10 9 0 0 0 5 0 0 10 4 9 0 0 0 0 8 11 0 0 0 10 9 0 0 0 0 0 0 0 6 13 0 0 3 0 0 0 5 0 0 0 0 0 0 1 0 0 
0 0 0 0 6 13 0 0 3 0 0 0 8 9 0 0 0 6 13 0 10 9 0 0 0 0 0 0 0 8 11 0 0 3 0 0 0 0 0 0 0 0 5 0 0 0 12 7 0 0 8 11 0 0 0 0 0 1 0 0 
0 0 0 0 5 0 0 0 12 7 0 0 0 0 0 0 0 5 0 0 3 0 0 0 0 0 0 0 0 0 8 4 4 9 0 0 0 0 0 0 6 2 13 0 0 10 11 3 0 0 0 8 4 4 11 0 3 0 0 0 
0 0 0 0 5 10 4 11 0 12 7 0 6 2 2 7 6 13 0 10 9 0 0 0 0 0 0 0 0 0 0 0 0 0 0 0 0 0 0 6 13 0 0 0 0 3 8 9 0 0 0 0 0 0 8 4 9 0 0 0 
0 0 0 0 8 9 0 5 0 0 12 2 13 0 0 12 13 0 0 3 0 0 0 0 0 0 0 0 0 0 0 0 0 0 0 0 0 0 0 5 0 0 0 0 0 12 7 0 0 0 0 0 0 0 0 0 0 0 0 0 
0 0 0 0 0 0 0 5 0 0 0 0 0 0 0 0 0 0 0 12 7 0 0 0 0 6 2 2 7 0 0 0 0 0 0 0 0 0 0 8 11 0 0 0 0 0 12 7 0 0 0 0 0 0 0 0 0 0 0 0 
0 0 0 0 0 0 0 8 11 0 0 0 0 0 0 0 0 0 0 0 12 7 0 0 6 13 0 0 12 2 7 0 0 0 0 0 0 0 0 0 8 4 11 0 0 0 0 12 7 0 0 0 0 0 0 0 0 0 0 0 
0 0 0 0 0 0 0 0 5 0 0 0 0 10 11 0 0 0 0 0 0 12 2 2 13 0 0 0 0 0 12 2 2 7 0 0 0 0 0 0 0 0 8 4 4 11 0 0 3 0 0 0 0 0 0 0 0 0 0 0 
0 0 0 0 0 0 0 0 5 0 0 0 0 12 13 0 0 0 0 0 0 0 0 0 0 0 0 0 0 0 0 0 0 12 7 0 0 0 6 7 0 0 0 0 0 8 11 0 3 0 0 0 0 0 0 0 0 0 0 0 
0 0 0 0 6 2 2 2 13 0 0 0 0 0 0 0 10 11 0 0 0 0 10 4 4 11 0 0 0 10 4 4 4 11 3 0 0 0 8 9 0 0 0 0 0 0 5 0 12 7 0 0 0 0 0 0 0 0 0 0 
0 0 0 0 8 4 11 0 0 0 0 0 0 0 0 0 12 13 0 0 0 10 9 0 0 8 11 0 0 12 2 7 0 8 9 0 0 0 0 0 0 0 0 0 0 6 13 0 0 12 7 0 0 0 0 0 0 0 0 0 
0 0 0 0 0 0 8 11 0 0 0 10 11 0 0 0 0 0 0 0 0 3 0 0 0 6 13 0 0 10 11 3 0 0 0 0 0 0 0 0 0 0 6 2 2 13 0 0 0 0 12 7 0 0 0 0 0 0 0 0 
0 0 0 0 0 0 0 8 11 0 0 12 13 0 0 0 0 0 0 0 0 3 0 0 0 5 0 0 0 3 8 9 0 0 0 0 0 0 0 0 6 2 13 0 0 0 0 0 0 0 0 3 0 0 0 6 7 0 0 0 
0 0 0 0 0 0 0 0 5 0 0 0 0 0 0 0 0 0 0 0 0 3 0 0 6 13 0 0 10 9 0 0 0 0 0 6 7 6 2 2 13 0 0 10 4 4 4 11 0 0 10 9 0 0 0 5 3 0 0 0 
0 0 0 0 0 0 0 6 13 0 0 0 0 10 4 11 0 0 0 0 10 9 0 6 13 0 0 10 9 0 0 0 0 0 0 5 12 13 0 0 0 0 10 9 0 0 0 8 4 4 9 0 0 0 6 13 3 0 0 0 
0 0 0 0 0 0 0 8 11 0 0 10 4 9 0 8 11 0 0 0 3 0 0 5 0 0 0 3 0 0 0 0 0 0 6 13 0 0 0 0 0 0 3 0 0 0 0 0 0 0 0 0 0 6 13 0 3 0 0 0 
0 0 0 0 0 0 0 0 5 0 10 9 0 0 0 0 5 0 0 0 3 0 0 8 11 0 0 12 7 0 0 6 2 2 13 0 0 0 10 11 0 0 12 7 0 0 0 0 0 6 2 7 0 5 0 0 3 0 0 0 
0 0 0 0 0 0 0 0 8 4 9 0 0 0 0 0 5 0 0 10 9 0 0 0 8 11 0 0 12 7 6 13 0 0 0 10 4 4 9 8 11 0 0 3 0 0 0 0 0 5 0 12 2 13 10 4 9 0 0 0 
0 0 0 0 0 0 0 0 0 0 0 0 0 0 0 6 13 0 0 12 7 0 0 0 0 8 11 0 0 12 13 0 0 0 10 9 0 0 0 0 8 11 0 3 0 0 0 0 0 8 4 11 0 0 12 7 0 0 0 0 
0 0 0 0 0 0 0 0 0 0 0 0 0 0 6 13 0 0 0 0 3 0 0 0 0 0 8 4 11 0 0 0 10 4 9 0 0 0 0 0 6 13 0 3 0 0 0 0 0 0 0 8 4 11 0 3 0 0 0 0 
0 0 0 6 7 0 0 0 0 0 0 0 6 2 13 0 0 0 0 0 12 7 0 0 0 0 0 0 8 4 4 4 9 0 0 0 0 0 0 6 13 0 10 9 0 0 0 0 0 0 0 0 0 8 11 12 7 0 0 0 
0 0 0 5 3 0 0 0 0 0 6 2 13 0 0 0 0 0 0 0 0 12 2 7 0 0 0 0 0 0 0 0 0 0 0 0 0 0 6 13 0 0 12 7 0 6 7 0 0 0 0 0 0 0 8 11 3 0 0 0 
0 0 0 8 9 6 2 7 0 6 13 0 0 0 0 0 0 0 0 0 0 0 0 12 2 7 0 0 0 0 0 0 0 0 0 0 6 2 13 0 0 0 0 12 2 13 3 0 0 0 0 0 0 0 0 8 9 0 0 0 
0 0 0 0 0 8 11 12 2 13 0 0 0 0 10 4 4 4 4 11 0 0 0 0 0 12 7 0 0 0 0 0 0 0 0 0 5 0 0 0 0 10 11 0 0 0 12 7 0 0 0 0 0 0 0 0 0 0 0 0 
0 0 0 0 0 0 8 11 0 0 0 0 10 4 9 0 0 0 0 5 0 0 0 0 0 0 12 7 0 0 0 0 0 0 0 6 13 0 0 0 10 9 8 4 4 11 0 12 7 0 6 7 0 0 0 0 0 0 0 0 
0 0 0 0 0 0 6 13 0 0 0 0 3 0 0 0 0 0 0 8 11 0 0 0 0 0 0 12 7 0 0 0 0 0 6 13 0 0 0 0 3 0 0 0 0 8 11 0 3 0 5 3 0 0 0 0 0 0 0 0 
0 0 0 0 0 0 5 0 0 0 0 0 3 0 0 0 0 0 0 0 5 0 0 0 0 0 0 0 3 0 0 0 6 7 8 4 11 0 0 10 9 0 0 0 0 0 5 0 12 7 5 12 7 0 0 0 0 0 0 0 
0 0 0 0 0 6 13 0 0 0 0 0 12 7 0 0 0 0 0 0 5 0 0 0 0 0 0 0 3 0 0 0 8 9 0 0 5 0 0 3 0 0 0 0 0 0 5 0 0 3 5 10 9 0 0 0 0 0 0 0 
0 0 0 0 0 8 4 11 0 10 11 0 0 12 2 7 0 0 0 0 8 11 0 0 0 0 0 0 3 0 0 0 0 0 0 0 8 11 0 3 0 0 0 0 0 0 8 11 0 12 13 3 0 0 0 0 0 0 0 0 
0 0 0 0 0 6 7 8 4 9 8 4 4 4 11 12 7 0 0 0 0 5 0 0 0 0 0 10 9 0 0 0 0 0 0 0 0 5 10 9 0 0 0 0 0 0 0 5 0 0 0 12 2 7 0 0 0 0 0 0 
0 0 0 0 6 13 3 0 0 0 0 0 0 0 8 4 9 0 0 0 0 8 11 0 0 0 0 3 0 0 0 0 0 0 0 0 0 8 9 0 0 0 0 0 0 0 6 13 0 0 0 0 0 12 7 0 0 0 0 0 
0 0 0 0 5 10 9 0 0 0 0 0 0 0 0 0 0 0 0 0 0 0 8 11 0 0 10 9 0 0 0 0 0 0 0 0 0 0 0 0 0 0 0 6 7 6 13 0 0 0 0 10 4 11 3 0 0 0 0 0 
0 0 0 0 8 9 0 0 0 0 0 0 0 0 0 0 0 0 0 0 0 0 0 8 0 0 9 0 0 0 0 0 0 0 0 0 0 0 0 0 0 0 6 13 3 8 4 11 0 0 10 9 0 5 12 7 0 0 0 0 
0 0 0 0 0 0 0 0 0 0 0 0 0 0 0 0 0 0 0 0 0 0 0 0 1 1 0 0 0 0 0 0 0 0 0 0 0 0 0 0 0 0 8 4 9 0 0 8 4 4 9 0 0 8 4 9 0 0 0 0 
0 0 0 0 0 0 0 0 0 0 0 0 0 0 0 0 0 0 0 0 0 0 0 0 0 0 0 0 0 0 0 0 0 0 0 0 0 0 0 0 0 0 0 0 0 0 0 0 0 0 0 0 0 0 0 0 0 0 0 0 
0 0 0 0 0 0 0 0 0 0 0 0 0 0 0 0 0 0 0 0 0 0 0 0 0 0 0 0 0 0 0 0 0 0 0 0 0 0 0 0 0 0 0 0 0 0 0 0 0 0 0 0 0 0 0 0 0 0 0 0 
0 0 0 0 0 0 0 0 0 0 0 0 0 0 0 0 0 0 0 0 0 0 0 0 0 0 0 0 0 0 0 0 0 0 0 0 0 0 0 0 0 0 0 0 0 0 0 0 0 0 0 0 0 0 0 0 0 0 0 0 
