[TILESET]
CaveSheet

[NPCS]
Bat 35 229 164
Bat 36 365 164
Bat 36 292 262
Bat 35 962 195
Bat 36 930 960
Bat 35 1060 960
Bat 36 514 996
Bat 35 1060 1060
Bat 35 485 200
Eye 36 515 486
Eye 35 516 673
Eye 36 900 703
Eye 35 864 259
Eye 36 730 1030
Eye 35 258 1024
Eye 36 130 895
Eye 35 962 129
RollingThing 35 405 265
RollingThing 36 770 490
RollingThing 35 830 160
RollingThing 36 1064 286
RollingThing 35 607 1131

[WARPS]
64 574 16 64 Canyon01 1116 1272

[TERRAIN]
0 0 0 0 0 0 0 0 0 0 0 0 0 0 0 0 0 0 0 0 0 0 0 0 0 0 0 0 0 0 0 0 0 0 0 0 0 0 0 0 
0 0 0 0 0 0 0 0 0 0 0 0 0 0 0 0 0 0 0 8 4 9 0 8 4 9 0 0 0 0 0 0 0 0 8 4 9 0 0 0 
0 0 0 0 8 4 9 0 0 0 0 0 0 8 4 9 0 8 4 12 2 7 0 5 2 13 4 9 0 8 4 4 4 4 12 1 7 0 0 0 
0 0 0 8 12 2 13 4 4 4 4 4 4 12 1 13 4 12 1 1 14 10 0 11 15 1 1 13 4 12 2 2 2 1 1 14 10 0 0 0 
0 0 0 11 15 1 1 1 2 1 1 1 1 2 2 2 2 2 1 14 10 0 0 0 5 1 2 2 2 2 2 1 1 1 14 10 0 0 0 0 
0 0 0 0 5 1 2 2 2 1 2 2 2 2 1 1 1 2 1 7 0 0 0 8 12 1 2 2 1 1 1 1 2 1 13 9 0 0 0 0 
0 0 0 0 5 1 2 2 1 1 2 1 1 1 1 1 2 2 1 7 0 0 8 12 1 2 1 1 2 1 1 2 2 1 1 13 9 0 0 0 
0 0 0 8 12 1 2 2 1 1 2 1 1 1 1 2 2 1 1 7 0 8 12 1 1 2 2 2 2 1 1 1 1 1 1 1 13 9 0 0 
0 0 0 5 1 1 2 2 1 1 2 1 1 1 2 2 1 1 14 10 0 11 6 15 1 1 1 1 2 1 1 1 1 1 1 2 1 7 0 0 
0 0 0 5 1 1 2 2 2 2 2 1 2 2 1 1 14 6 10 0 0 0 0 11 6 6 15 1 1 1 1 1 1 1 1 2 14 10 0 0 
0 0 0 11 6 15 2 2 1 2 2 1 2 1 1 14 10 0 0 8 9 0 0 0 0 0 11 15 1 1 1 1 1 1 2 2 7 0 0 0 
0 0 0 0 0 11 6 6 6 15 2 2 2 1 14 10 0 0 0 11 10 0 0 0 0 0 0 5 1 1 14 6 6 15 1 1 13 9 0 0 
0 0 0 0 0 0 0 0 0 11 15 1 1 2 13 4 4 4 9 0 0 0 0 0 8 4 4 12 1 1 13 9 0 11 6 15 14 10 0 0 
0 0 0 0 0 8 4 4 4 4 12 1 2 2 1 1 1 1 13 4 4 4 4 4 12 2 2 1 1 1 1 13 4 4 9 11 10 0 0 0 
0 0 0 8 4 12 2 2 1 2 2 2 2 1 2 2 2 2 2 1 2 2 1 1 1 2 2 2 2 2 2 1 1 1 13 9 0 0 0 0 
0 0 8 12 1 2 2 2 2 2 1 1 1 1 2 2 1 2 2 2 2 2 2 1 2 2 1 1 1 1 2 2 2 2 1 7 0 0 0 0 
0 0 5 1 2 2 1 1 1 1 1 1 14 15 1 2 1 1 1 2 2 1 2 2 2 1 1 1 1 2 2 2 2 2 2 13 9 0 0 0 
0 0 5 2 2 1 1 1 2 2 14 6 10 5 1 2 1 2 2 2 1 2 2 2 2 1 14 6 6 15 2 2 2 1 2 1 7 0 0 0 
0 0 23 2 2 1 1 2 2 2 13 9 8 12 1 2 1 1 1 1 2 2 1 2 2 1 13 9 0 5 1 2 2 2 2 1 7 0 0 0 
0 0 19 2 2 2 1 2 1 2 1 13 12 1 1 2 2 1 14 6 6 15 1 1 2 1 1 13 4 12 1 2 2 2 2 1 7 0 0 0 
0 0 5 1 1 2 2 2 2 2 1 1 1 1 2 2 1 1 13 9 0 11 15 1 2 1 1 1 1 2 2 1 1 1 2 1 7 0 0 0 
0 0 11 15 1 2 2 2 2 1 1 2 2 2 1 2 2 1 1 13 4 4 12 1 2 1 2 1 1 2 2 2 1 2 2 14 10 0 0 0 
0 0 0 5 1 2 2 2 2 2 2 2 1 2 1 1 2 2 2 2 1 1 2 2 2 2 2 2 2 2 1 2 2 2 2 7 0 0 0 0 
0 0 0 11 6 6 6 15 1 2 2 2 2 2 2 2 2 1 1 2 2 2 2 2 1 1 1 1 2 2 2 1 2 2 1 13 9 0 0 0 
0 0 0 0 0 0 0 11 15 2 2 1 14 6 6 6 6 6 15 1 2 2 1 1 14 6 6 15 1 2 2 2 14 6 15 14 10 0 0 0 
0 0 0 0 0 8 4 4 12 2 2 1 7 0 0 0 0 0 11 6 6 6 6 6 10 0 0 11 15 2 2 1 7 0 11 10 0 0 0 0 
0 0 0 8 4 12 1 1 1 2 1 14 10 8 9 0 0 0 0 0 0 0 0 0 0 8 9 0 5 1 1 1 13 9 0 0 0 0 0 0 
0 0 8 12 1 2 2 2 1 1 1 7 0 5 13 4 9 0 0 0 0 0 0 0 8 12 7 0 5 1 1 1 1 13 4 4 9 0 0 0 
0 0 5 1 2 2 1 2 2 2 1 7 0 11 15 1 13 4 4 4 4 4 9 0 11 6 10 8 12 1 1 2 2 2 1 1 13 9 0 0 
0 0 5 1 2 1 1 2 1 2 1 13 9 0 5 1 2 2 1 1 1 1 13 9 0 8 4 12 1 2 2 2 1 2 1 2 1 7 0 0 
0 0 5 1 2 2 2 2 2 2 1 1 7 0 5 2 2 2 1 2 2 2 1 13 4 12 1 1 2 2 1 1 2 2 2 2 1 7 0 0 
0 0 11 15 1 1 1 2 2 1 1 1 13 4 12 1 1 2 2 2 1 2 1 1 1 1 1 2 2 1 1 2 2 2 2 2 1 7 0 0 
0 0 0 11 15 1 1 2 2 2 2 2 1 1 1 1 2 2 2 1 2 2 1 1 2 1 1 1 1 1 1 2 1 2 1 2 1 7 0 0 
0 0 0 0 11 6 15 1 1 1 14 6 6 6 15 1 2 2 1 2 2 1 1 2 2 1 14 6 6 15 1 1 1 2 2 2 14 10 0 0 
0 8 4 9 0 0 11 6 6 6 10 0 0 0 11 15 1 1 1 2 1 1 2 2 1 14 10 0 0 11 6 15 1 1 2 14 10 0 0 0 
0 11 15 13 9 0 0 0 0 0 0 0 0 0 0 5 1 1 1 2 1 1 2 1 1 7 0 0 0 0 0 11 6 6 6 10 0 0 0 0 
0 0 11 15 13 4 4 9 0 0 0 0 0 0 0 11 15 1 1 2 2 2 2 1 1 7 0 0 0 0 0 0 0 0 0 0 0 0 0 0 
0 0 0 5 1 14 6 10 0 0 0 0 0 0 0 0 11 6 15 1 1 1 14 6 6 10 0 0 8 9 0 0 0 0 0 0 0 0 0 0 
0 0 0 5 2 7 0 0 0 0 0 0 0 0 0 0 0 0 11 6 6 6 10 0 0 0 0 8 12 13 4 4 9 0 0 0 0 0 0 0 
0 0 8 12 1 13 4 9 0 0 0 0 0 0 0 0 0 0 0 0 0 0 0 0 0 0 8 12 1 2 2 1 13 4 9 0 0 0 0 0 

[COLLISION]
0 0 0 0 0 0 0 0 0 0 0 0 0 0 0 0 0 0 0 0 0 0 0 0 0 0 0 0 0 0 0 0 0 0 0 0 0 0 0 0 
0 0 0 0 0 0 0 0 0 0 0 0 0 0 0 0 0 0 0 6 2 7 0 6 2 7 0 0 0 0 0 0 0 0 6 2 7 0 0 0 
0 0 0 0 6 2 7 0 0 0 0 0 0 6 2 7 0 6 2 13 0 3 0 5 0 12 2 7 0 6 2 2 2 2 13 0 3 0 0 0 
0 0 0 6 13 0 12 2 2 2 2 2 2 13 0 12 2 13 0 0 10 9 0 8 11 0 0 12 2 13 0 0 0 0 0 10 9 0 0 0 
0 0 0 8 11 0 0 0 0 0 0 0 0 0 0 0 0 0 0 10 9 0 0 0 5 0 0 0 0 0 0 0 0 0 10 9 0 0 0 0 
0 0 0 0 5 0 0 0 0 0 0 0 0 0 0 0 0 0 0 3 0 0 0 6 13 0 0 0 0 0 0 0 0 0 12 7 0 0 0 0 
0 0 0 0 5 0 0 0 0 0 0 0 0 0 0 0 0 0 0 3 0 0 6 13 0 0 0 0 0 0 0 0 0 0 0 12 7 0 0 0 
0 0 0 6 13 0 0 0 0 0 0 0 0 0 0 0 0 0 0 3 0 6 13 0 0 0 0 0 0 0 0 0 0 0 0 0 12 7 0 0 
0 0 0 5 0 0 0 0 0 0 0 0 0 0 0 0 0 0 10 9 0 8 4 11 0 0 0 0 0 0 0 0 0 0 0 0 0 3 0 0 
0 0 0 5 0 0 0 0 0 0 0 0 0 0 0 0 10 4 9 0 0 0 0 8 4 4 11 0 0 0 0 0 0 0 0 0 10 9 0 0 
0 0 0 8 4 11 0 0 0 0 0 0 0 0 0 10 9 0 0 0 0 0 0 0 0 0 8 11 0 0 0 0 0 0 0 0 3 0 0 0 
0 0 0 0 0 8 4 4 4 11 0 0 0 0 10 9 0 0 0 0 0 0 0 0 0 0 0 5 0 0 10 4 4 11 0 0 12 7 0 0 
0 0 0 0 0 0 0 0 0 8 11 0 0 0 12 2 2 2 7 0 0 0 0 0 6 2 2 13 0 0 12 7 0 8 4 11 10 9 0 0 
0 0 0 0 0 6 2 2 2 2 13 0 0 0 0 0 0 0 12 2 2 2 2 2 13 0 0 0 0 0 0 12 2 2 7 8 9 0 0 0 
0 0 0 6 2 13 0 0 0 0 0 0 0 0 0 0 0 0 0 0 0 0 0 0 0 0 0 0 0 0 0 0 0 0 12 7 0 0 0 0 
0 0 6 13 0 0 0 0 0 0 0 0 0 0 0 0 0 0 0 0 0 0 0 0 0 0 0 0 0 0 0 0 0 0 0 3 0 0 0 0 
0 0 5 0 0 0 0 0 0 0 0 0 10 11 0 0 0 0 0 0 0 0 0 0 0 0 0 0 0 0 0 0 0 0 0 12 7 0 0 0 
0 0 5 0 0 0 0 0 0 0 10 4 9 5 0 0 0 0 0 0 0 0 0 0 0 0 10 4 4 11 0 0 0 0 0 0 3 0 0 0 
0 1 0 0 0 0 0 0 0 0 0 7 6 13 0 0 0 0 0 0 0 0 0 0 0 0 12 7 0 5 0 0 0 0 0 0 3 0 0 0 
0 1 0 0 0 0 0 0 0 0 0 0 13 0 0 0 0 0 10 4 4 11 0 0 0 0 0 12 2 13 0 0 0 0 0 0 3 0 0 0 
0 0 5 0 0 0 0 0 0 0 0 0 0 0 0 0 0 0 12 7 0 8 11 0 0 0 0 0 0 0 0 0 0 0 0 0 3 0 0 0 
0 0 8 11 0 0 0 0 0 0 0 0 0 0 0 0 0 0 0 12 2 2 13 0 0 0 0 0 0 0 0 0 0 0 0 10 9 0 0 0 
0 0 0 5 0 0 0 0 0 0 0 0 0 0 0 0 0 0 0 0 0 0 0 0 0 0 0 0 0 0 0 0 0 0 0 3 0 0 0 0 
0 0 0 8 4 4 4 11 0 0 0 0 0 0 0 0 0 0 0 0 0 0 0 0 0 0 0 0 0 0 0 0 0 0 0 12 7 0 0 0 
0 0 0 0 0 0 0 8 11 0 0 0 10 4 4 4 4 4 11 0 0 0 0 0 10 4 4 11 0 0 0 0 10 4 11 10 9 0 0 0 
0 0 0 0 0 6 2 2 13 0 0 0 3 0 0 0 0 0 8 4 4 4 4 4 9 0 0 8 11 0 0 0 3 0 8 9 0 0 0 0 
0 0 0 6 2 13 0 0 0 0 0 10 9 6 7 0 0 0 0 0 0 0 0 0 0 0 0 0 5 0 0 0 12 7 0 0 0 0 0 0 
0 0 6 13 0 0 0 0 0 0 0 3 0 5 12 2 7 0 0 0 0 0 0 0 0 0 0 0 5 0 0 0 0 12 2 2 7 0 0 0 
0 0 5 0 0 0 0 0 0 0 0 3 0 8 11 0 12 2 2 2 2 2 7 0 0 0 0 6 13 0 0 0 0 0 0 0 12 7 0 0 
0 0 5 0 0 0 0 0 0 0 0 12 7 0 5 0 0 0 0 0 0 0 12 7 0 6 2 13 0 0 0 0 0 0 0 0 0 3 0 0 
0 0 5 0 0 0 0 0 0 0 0 0 3 0 5 0 0 0 0 0 0 0 0 12 2 13 0 0 0 0 0 0 0 0 0 0 0 3 0 0 
0 0 8 11 0 0 0 0 0 0 0 0 12 2 13 0 0 0 0 0 0 0 0 0 0 0 0 0 0 0 0 0 0 0 0 0 0 3 0 0 
0 0 0 8 11 0 0 0 0 0 0 0 0 0 0 0 0 0 0 0 0 0 0 0 0 0 0 0 0 0 0 0 0 0 0 0 0 3 0 0 
0 0 0 0 8 4 11 0 0 0 10 4 4 4 11 0 0 0 0 0 0 0 0 0 0 0 10 4 4 11 0 0 0 0 0 0 10 9 0 0 
0 0 0 0 0 0 8 4 4 4 9 0 0 0 8 11 0 0 0 0 0 0 0 0 0 10 9 0 0 8 4 11 0 0 0 10 9 0 0 0 
0 0 0 0 0 0 0 0 0 0 0 0 0 0 0 5 0 0 0 0 0 0 0 0 0 3 0 0 0 0 0 8 4 4 4 9 0 0 0 0 
0 0 0 0 0 0 0 0 0 0 0 0 0 0 0 8 11 0 0 0 0 0 0 0 0 3 0 0 0 0 0 0 0 0 0 0 0 0 0 0 
0 0 0 0 0 0 0 0 0 0 0 0 0 0 0 0 8 4 11 0 0 0 10 4 4 9 0 0 0 0 0 0 0 0 0 0 0 0 0 0 
0 0 0 0 0 0 0 0 0 0 0 0 0 0 0 0 0 0 8 4 4 4 9 0 0 0 0 0 0 0 0 0 0 0 0 0 0 0 0 0 
0 0 0 0 0 0 0 0 0 0 0 0 0 0 0 0 0 0 0 0 0 0 0 0 0 0 0 0 0 0 0 0 0 0 0 0 0 0 0 0 
