[TILESET]
TileSheet

[NPCS]
Turtle 3 1700 2126
Turtle 3 1625 2280
Turtle 3 1340 2100
Goblin 3 1585 1610
Goblin 3 2200 1600
Goblin 3 2200 1700
Goblin 3 2000 1650
Goblin 3 2160 1776
Goblin 12 1170 155
Goblin 12 1050 240
Goblin 22 720 525
Goblin 17 600 530
Goblin 10 480 1520
Goblin 9 711 1640
Goblin 6 930 875
Goblin 5 1020 970
Goblin 6 2050 790
Goblin 5 1975 1235
GoblinBrute 18 480 220
GoblinBrute 19 570 465
GoblinBrute 13 385 795
GoblinBrute 12 380 1240
GoblinBrute 7 625 1060
GoblinBrute 10 2280 325
GoblinBrute 12 1490 200

[WARPS]
2530 2210 32 96 Forest01 77 230
1352 0 128 32 Snow01 290 3000
0 480 32 128 Field01 2470 606
1828 2532 128 32 Swamp01 795 72

[TERRAIN]
105 105 105 105 105 105 105 105 105 105 105 105 105 105 105 105 105 105 105 105 105 105 105 105 105 105 105 105 105 105 105 105 105 105 105 105 105 105 105 105 105 107 11 12 3 5 115 105 105 105 105 105 105 105 105 105 105 105 105 105 105 105 105 105 105 105 105 105 105 105 105 105 105 105 105 105 105 105 105 105 
105 105 105 105 105 105 105 105 105 105 105 105 105 105 105 105 105 105 105 105 105 105 105 105 105 105 105 105 105 105 105 105 105 105 105 105 104 104 104 105 105 105 114 7 13 10 113 105 105 105 104 104 104 105 105 105 105 105 105 105 105 105 105 105 105 105 105 105 105 105 105 105 105 105 105 105 105 105 105 105 
105 105 105 105 105 105 105 105 105 105 105 105 105 105 105 105 105 105 105 105 105 105 105 105 105 105 105 105 105 105 105 105 105 105 104 112 109 109 109 113 105 105 112 7 15 8 115 105 104 112 109 109 109 113 104 104 104 104 105 105 105 105 105 105 105 105 105 105 105 105 105 105 105 105 105 105 105 105 105 105 
105 105 105 105 105 105 105 105 105 105 105 105 105 105 104 104 104 104 104 104 104 105 105 105 105 105 105 105 105 105 105 104 104 112 109 110 2 1 2 111 108 107 110 7 3 5 113 112 109 110 2 2 2 111 109 109 109 109 113 104 105 105 105 105 104 104 105 105 105 104 105 105 105 105 105 105 105 105 105 105 
105 105 105 105 105 105 105 105 105 105 105 105 104 112 109 109 109 109 109 109 109 113 105 105 105 105 105 105 104 104 112 109 109 110 2 2 2 1 2 2 108 105 114 11 12 15 8 110 1 1 2 106 1 1 2 1 2 1 111 109 113 104 104 112 109 109 113 104 112 109 113 104 104 105 105 105 105 105 105 105 
105 105 105 105 105 105 105 105 105 105 105 112 109 110 2 2 2 1 2 2 2 111 113 105 105 105 105 112 109 109 110 2 2 1 2 1 2 2 2 115 105 105 105 114 11 4 10 9 8 2 115 105 114 106 106 106 106 2 1 2 111 109 109 110 1 2 111 109 110 2 111 109 109 113 105 105 105 105 105 105 
105 105 105 105 105 105 105 105 105 105 107 110 2 1 2 2 1 1 1 1 1 2 111 113 104 104 112 110 1 2 1 2 2 1 2 1 2 1 2 113 104 104 104 112 9 8 2 11 10 115 105 105 105 105 105 105 105 114 106 2 1 1 2 1 2 2 2 1 2 2 1 2 2 111 108 105 105 105 105 105 
105 105 105 105 105 105 105 105 105 105 107 2 2 2 2 1 1 2 2 2 1 2 2 111 109 109 110 2 1 1 2 1 1 2 2 2 2 2 2 111 109 109 109 110 11 10 2 2 115 105 105 105 105 105 105 105 105 105 105 114 106 106 106 106 106 106 106 2 2 1 2 1 2 2 108 105 105 105 105 105 
105 105 105 105 105 105 105 105 105 105 105 114 106 2 2 2 2 1 2 2 2 106 2 2 1 2 2 2 2 2 1 1 2 1 2 1 1 2 2 2 1 2 2 2 2 2 106 115 105 105 105 105 105 105 105 105 105 105 105 104 105 105 105 105 105 105 105 114 2 2 2 2 2 2 108 105 105 105 105 105 
105 105 105 105 105 105 105 105 105 105 105 105 105 114 2 2 2 2 2 2 115 105 114 2 2 2 1 1 2 2 2 106 106 115 114 106 106 106 1 1 2 1 1 2 2 115 105 105 105 105 105 105 105 105 105 105 112 113 112 109 113 105 105 105 105 105 105 107 2 2 1 1 1 2 108 105 105 105 105 105 
105 105 105 105 105 105 105 105 105 105 105 105 105 105 114 2 2 2 1 1 113 104 112 2 2 2 2 2 2 2 115 105 105 105 105 105 105 105 114 2 2 2 2 2 115 105 105 105 105 105 105 105 105 105 105 105 114 106 115 114 115 105 105 105 105 105 105 107 2 2 1 2 2 2 108 105 105 105 105 105 
105 105 105 105 105 105 105 105 105 104 104 104 104 105 105 114 2 2 2 2 111 109 110 2 2 2 1 2 2 115 105 105 105 105 105 105 105 105 107 1 2 2 106 115 105 105 105 105 105 105 105 105 105 105 105 105 104 104 104 112 113 104 105 105 105 105 105 112 2 1 2 2 1 2 108 105 105 105 105 105 
105 105 105 105 105 105 105 105 112 109 109 109 109 113 104 112 2 1 2 1 2 2 1 2 1 2 2 2 115 105 105 105 105 104 105 105 105 105 105 114 106 115 105 105 105 105 105 105 104 112 113 105 105 105 105 112 109 109 109 110 111 109 113 104 104 104 112 110 2 2 1 2 2 115 105 105 105 105 105 105 
105 104 104 105 105 105 105 107 110 2 2 2 1 111 109 110 2 1 2 2 1 2 2 2 2 1 2 2 108 105 105 105 112 109 113 104 105 105 105 105 105 105 105 105 105 105 105 112 109 110 111 108 105 105 112 110 2 1 2 1 1 2 111 109 109 109 110 2 1 2 2 2 115 105 105 105 105 105 105 105 
112 109 109 113 105 105 105 107 2 1 1 2 1 2 2 2 2 2 2 1 2 2 2 2 2 1 2 2 108 105 105 107 110 2 111 109 113 104 105 105 105 105 105 105 105 105 112 110 1 106 115 105 105 107 110 2 2 1 2 2 2 2 2 2 1 2 2 2 2 2 106 115 105 105 105 105 105 105 105 105 
110 2 2 111 113 104 104 112 2 2 2 2 1 1 2 1 2 2 1 2 1 2 2 2 2 2 2 2 108 105 105 112 2 1 1 1 111 109 113 104 105 105 105 105 104 112 110 2 115 105 105 105 105 112 2 1 1 2 106 106 106 106 106 2 2 1 1 2 2 115 105 105 105 105 105 105 105 105 105 105 
2 1 1 2 111 109 109 110 1 2 1 1 2 1 1 2 2 2 2 1 1 2 2 2 2 2 2 115 105 105 107 110 1 106 106 2 2 2 111 109 113 105 105 112 109 110 1 115 105 105 105 105 112 110 1 2 2 115 105 105 105 105 105 114 2 2 2 2 2 108 105 105 105 105 105 105 105 105 105 105 
1 2 1 1 1 2 2 2 2 2 2 2 2 1 2 2 1 1 1 2 2 2 1 1 2 2 2 108 105 105 105 114 115 105 105 114 106 2 1 2 111 113 112 110 1 2 2 108 105 105 105 112 110 1 2 2 2 113 105 105 105 104 105 105 114 2 2 2 2 113 105 105 105 105 105 105 105 105 105 105 
2 106 106 2 2 2 2 2 115 114 106 106 2 2 2 2 2 1 2 2 2 2 2 2 2 2 115 105 105 105 105 105 105 105 105 105 105 114 106 2 1 111 110 2 1 2 115 105 105 105 107 110 1 2 1 115 114 115 105 105 112 109 108 105 105 114 1 2 2 111 108 105 105 105 105 105 105 105 105 105 
115 105 105 114 106 106 106 115 105 105 105 105 114 2 2 1 1 1 1 2 1 2 2 2 2 115 105 105 105 105 105 105 105 104 104 104 105 105 105 114 2 2 1 2 106 115 105 105 105 105 107 2 2 2 2 108 105 105 105 105 114 106 108 105 105 105 114 2 1 2 108 105 105 105 105 105 105 105 105 105 
105 105 105 105 105 105 105 105 105 105 105 105 112 2 2 1 1 2 1 1 1 2 2 106 115 105 105 105 105 105 105 104 112 109 109 109 113 105 105 105 114 106 106 115 105 105 105 105 105 105 112 2 1 2 115 105 105 105 105 105 105 105 105 105 105 105 112 2 2 2 108 105 105 105 105 105 105 105 105 105 
105 105 105 105 105 105 105 105 105 105 105 112 110 2 2 1 1 2 2 2 2 106 115 105 105 105 105 105 105 105 112 109 110 2 1 2 111 113 105 105 105 105 105 105 105 105 105 105 105 107 110 2 2 1 108 105 105 105 105 105 105 105 105 104 104 112 110 1 2 2 108 105 105 105 105 105 105 105 105 105 
105 105 105 105 105 105 105 105 105 105 112 110 1 2 2 1 2 2 106 106 115 105 105 105 105 105 105 105 105 112 1 2 2 1 1 1 1 111 108 105 105 105 105 105 105 105 104 105 105 112 2 2 2 115 105 105 105 105 105 105 105 104 112 109 109 110 2 2 2 2 108 105 105 105 105 105 105 105 105 105 
105 105 105 105 105 105 105 105 105 107 110 2 2 1 1 1 2 115 105 105 105 105 105 105 105 105 105 105 107 110 2 2 2 1 2 2 2 1 113 105 105 105 105 105 104 112 109 113 112 110 2 2 2 108 105 105 105 105 105 105 107 109 110 2 2 1 2 2 2 115 105 105 105 105 105 105 105 105 105 105 
105 105 105 105 105 105 105 105 104 112 2 2 2 1 2 2 115 105 105 105 105 105 105 105 105 105 105 104 112 1 2 1 2 2 2 2 2 1 111 113 104 104 104 112 109 110 1 111 110 2 1 2 2 108 105 105 105 105 105 105 107 2 2 2 2 2 2 2 2 108 105 105 105 105 105 105 105 105 105 105 
105 105 105 105 105 105 105 112 109 110 2 1 2 1 2 115 105 105 105 105 105 105 105 105 105 105 112 109 110 2 2 2 2 115 114 2 1 2 2 111 109 109 109 110 1 2 2 1 1 2 2 2 2 113 105 105 105 105 105 105 107 2 2 1 2 2 2 2 2 108 105 105 105 105 105 105 105 105 105 105 
105 105 105 105 105 105 107 110 2 2 1 2 2 2 115 105 105 105 104 112 113 105 105 105 104 112 110 2 2 2 2 2 115 105 105 114 2 1 2 2 2 1 2 2 2 2 2 2 2 2 2 2 1 111 108 105 105 105 105 105 107 2 2 2 2 2 2 2 115 105 105 105 105 105 105 105 105 105 105 105 
105 105 105 105 105 105 112 2 2 2 1 1 2 2 108 105 105 112 109 110 115 105 105 112 109 110 2 1 1 2 1 2 113 105 105 107 2 2 2 1 2 2 1 2 2 115 114 2 2 1 1 2 2 2 108 105 105 105 105 105 107 2 2 2 2 2 1 2 108 105 105 105 105 105 105 105 105 105 105 105 
105 105 105 105 105 107 110 2 1 1 1 2 2 115 105 105 105 114 106 115 105 105 112 110 2 1 2 1 2 2 1 2 111 113 105 105 114 106 2 2 2 2 2 2 115 105 105 114 106 2 2 2 2 2 108 105 105 105 105 105 105 114 2 2 2 2 2 2 108 105 105 105 105 105 105 105 105 105 105 105 
105 105 105 105 105 112 2 2 1 2 2 2 2 108 105 105 105 105 105 105 105 112 110 1 2 1 2 2 2 2 2 1 2 111 108 105 105 105 114 2 2 1 2 115 105 105 105 105 105 114 2 1 2 2 108 105 105 105 105 105 105 107 2 2 2 2 2 2 113 104 105 105 105 105 105 105 105 105 105 105 
105 105 105 105 107 110 1 2 2 2 1 2 115 105 105 105 105 105 104 104 112 110 2 2 2 2 2 1 2 2 1 1 1 2 108 105 105 105 107 2 2 2 2 113 105 105 105 105 105 112 2 2 2 2 108 105 105 105 105 105 105 107 2 2 1 2 2 2 111 109 113 105 105 105 105 105 105 105 105 105 
105 105 105 105 107 2 1 2 1 2 2 115 105 105 105 105 105 112 109 109 110 2 1 2 2 2 106 106 2 2 2 2 2 2 108 105 105 105 107 2 1 2 2 111 113 105 105 105 107 110 2 1 2 115 105 105 105 105 105 105 105 112 2 2 2 2 2 2 2 2 111 113 105 105 105 105 105 105 105 105 
105 105 105 105 107 2 2 1 2 2 2 108 105 105 105 105 107 110 2 2 1 2 2 1 2 115 105 105 114 106 106 106 106 115 105 105 105 105 107 2 2 2 2 2 111 108 105 105 112 2 2 2 2 108 105 105 105 105 105 105 112 110 1 2 2 1 2 2 2 2 2 111 108 105 105 105 105 105 105 105 
105 105 105 105 105 114 2 2 1 1 2 108 105 105 105 105 107 2 1 1 2 1 2 2 2 113 104 105 105 105 105 105 105 105 105 105 105 105 105 114 106 2 2 1 2 113 104 112 110 1 2 2 115 105 105 105 105 105 105 107 110 2 2 2 2 2 2 2 2 1 2 2 113 105 105 105 105 105 105 105 
105 105 105 105 105 107 2 2 1 1 2 113 105 105 105 105 105 114 2 2 1 2 2 1 1 111 109 108 105 105 105 105 105 105 105 104 104 105 105 105 105 114 2 2 2 111 109 110 2 2 2 2 108 105 105 105 105 105 105 112 2 2 2 2 2 2 1 2 1 2 2 2 111 113 105 105 105 105 105 105 
105 105 105 105 105 105 114 2 2 1 2 111 113 105 105 105 105 105 114 106 106 2 2 2 2 1 2 113 104 105 105 105 105 105 107 109 109 113 105 105 105 105 114 106 2 1 2 2 1 2 2 115 105 105 105 105 105 105 112 110 2 2 2 2 2 106 2 2 1 1 2 2 2 111 108 105 105 105 105 105 
105 105 105 105 105 105 107 106 2 1 1 1 111 113 105 105 105 105 105 105 105 114 2 1 2 1 2 111 109 113 104 105 105 105 107 2 2 111 113 105 105 105 105 105 114 2 2 2 2 2 2 108 105 105 105 105 105 107 110 2 1 2 2 2 115 105 114 2 2 1 2 2 2 115 105 105 105 105 105 105 
105 105 105 105 105 105 105 105 114 2 2 1 1 111 108 105 105 105 105 105 105 105 114 106 106 2 2 1 2 111 109 113 105 105 105 114 1 2 111 113 105 105 105 105 105 114 2 1 2 2 2 108 105 105 105 105 105 107 2 2 2 2 2 2 108 105 105 114 106 106 106 106 115 105 105 105 105 105 105 105 
105 105 105 105 105 105 105 105 105 114 2 2 1 2 108 105 105 105 105 105 105 105 105 105 105 114 106 2 2 1 2 111 108 105 105 107 2 2 1 111 113 104 104 105 105 107 2 2 2 1 2 108 105 105 105 105 105 105 114 2 1 2 2 2 113 104 105 105 105 105 105 105 105 105 105 105 105 105 105 105 
105 105 105 105 105 105 105 105 105 112 2 2 1 2 108 105 105 105 105 105 105 105 105 105 105 105 105 114 2 2 1 2 108 105 105 107 1 2 2 2 111 109 109 108 105 105 114 2 2 2 2 108 105 105 105 105 105 105 107 2 2 2 2 2 111 109 108 105 105 105 105 105 105 105 105 105 105 105 105 105 
105 105 105 105 105 105 105 105 107 110 2 1 2 2 108 105 105 105 105 105 105 105 105 105 105 105 105 107 2 1 2 2 113 105 105 105 114 2 1 2 2 106 115 105 105 105 107 2 2 1 2 108 105 105 105 105 105 105 105 114 2 2 1 1 2 2 108 105 105 105 105 105 105 105 105 105 105 105 105 105 
105 105 105 105 105 105 105 105 112 2 2 1 2 115 105 105 105 105 105 105 105 105 105 105 105 105 105 105 114 2 1 2 111 113 105 105 107 2 2 1 115 105 105 105 105 105 107 2 2 2 2 113 104 105 105 105 105 105 105 107 2 2 2 2 2 106 108 105 105 105 105 105 105 105 105 105 105 105 105 105 
105 105 105 105 105 105 105 112 1 2 1 2 115 105 105 105 105 105 105 105 105 105 105 105 105 105 105 105 107 2 2 2 1 111 108 105 107 106 106 115 105 105 105 105 105 105 112 2 2 2 2 111 109 113 105 105 105 105 105 105 114 106 106 106 115 105 105 105 105 105 105 105 105 105 105 105 105 105 105 105 
105 105 105 105 105 105 112 110 2 2 1 2 108 105 105 105 105 105 104 104 104 105 105 105 105 105 105 105 105 114 1 2 1 2 108 105 105 105 105 105 105 105 105 104 104 112 110 2 1 1 2 2 2 111 113 105 105 105 105 105 105 105 105 105 105 105 105 105 105 105 105 105 105 105 105 105 105 105 105 105 
105 105 105 105 105 107 110 2 1 1 2 115 105 105 105 104 104 112 109 109 109 113 104 105 105 105 105 105 105 107 2 2 2 2 108 105 105 105 105 105 105 105 112 109 109 110 2 1 1 2 2 2 2 1 111 113 105 105 105 105 105 105 105 105 105 105 105 105 105 105 105 105 105 105 105 105 105 105 105 105 
105 105 105 105 105 112 2 2 1 2 1 108 105 104 112 109 109 110 1 2 2 111 109 113 105 105 105 105 105 107 2 1 2 1 108 105 105 105 105 105 105 112 110 2 2 1 2 2 2 115 114 2 2 2 2 111 113 105 105 105 105 105 105 105 105 105 105 105 105 105 105 105 105 105 105 105 105 105 105 105 
105 105 105 105 107 110 1 1 2 2 115 105 112 109 110 2 2 2 2 2 2 2 2 111 108 105 105 105 105 107 2 2 2 2 108 105 105 105 105 105 107 110 2 1 1 2 2 2 115 105 105 114 2 2 2 2 111 113 104 105 105 105 105 105 105 105 105 105 105 105 105 105 105 105 105 105 105 105 105 105 
105 105 105 105 107 1 1 2 2 115 105 107 110 2 1 2 2 2 2 106 2 2 1 2 113 105 105 105 104 112 2 2 1 115 105 105 105 105 105 105 112 2 1 2 2 1 2 2 113 104 104 112 2 2 1 2 2 111 109 113 104 104 105 105 105 105 104 112 113 104 104 105 105 105 105 105 105 105 105 105 
105 105 105 105 107 2 2 2 2 108 105 107 2 2 2 2 1 106 115 105 114 2 2 2 111 113 104 112 109 110 1 2 2 108 105 105 105 105 105 107 110 2 2 2 1 2 2 2 111 109 109 110 2 2 2 2 2 2 2 111 109 109 113 104 104 112 109 110 111 109 109 113 104 105 105 105 105 105 105 105 
105 105 105 105 107 2 1 1 2 108 105 107 2 2 2 2 115 105 105 104 112 2 2 2 2 111 109 110 1 2 2 2 115 105 105 105 104 105 105 107 2 1 2 1 2 2 2 1 2 2 1 2 2 2 1 1 1 1 1 2 2 1 111 109 109 110 9 8 1 1 1 111 109 108 105 105 105 105 105 105 
105 105 105 105 107 1 2 2 2 108 105 107 2 1 2 115 105 105 112 109 110 2 1 2 1 1 2 2 2 2 1 1 108 105 105 112 109 108 105 107 1 2 2 2 2 2 2 2 1 1 2 2 2 2 2 2 1 2 1 1 2 2 2 1 2 9 14 15 8 2 2 1 2 113 105 105 105 105 105 105 
105 105 105 105 107 2 2 1 2 113 105 107 2 2 2 113 104 112 110 2 2 2 2 1 2 1 2 1 2 106 106 115 105 105 112 110 2 108 105 107 2 2 2 2 115 114 2 1 1 2 1 2 115 114 2 2 2 1 2 2 2 2 1 2 2 7 3 3 15 6 8 2 2 111 108 105 105 105 105 105 
105 105 105 105 105 114 2 2 2 111 108 105 114 2 2 111 109 110 2 2 1 2 2 1 1 2 106 106 115 105 105 105 104 112 110 1 2 108 105 107 2 1 2 2 113 105 114 2 2 2 2 2 108 112 2 2 1 2 2 115 114 2 2 1 2 11 12 13 4 12 15 8 1 1 108 105 105 105 105 105 
105 105 105 105 105 107 2 1 2 2 113 105 105 114 106 106 106 106 115 114 1 2 1 1 2 115 105 105 105 105 105 112 109 110 1 106 115 105 105 105 114 2 2 2 111 113 112 2 2 1 2 115 107 110 2 1 2 2 115 105 105 114 106 2 2 2 7 15 8 7 3 5 2 2 108 105 105 105 105 105 
105 105 105 105 105 107 2 2 2 1 2 113 105 105 105 105 105 105 105 112 2 1 2 2 115 105 105 105 105 105 112 110 1 106 115 105 105 105 105 105 107 2 2 1 2 111 110 2 2 2 2 113 112 2 2 1 2 2 113 105 105 105 105 114 1 2 11 12 15 14 13 10 2 2 108 105 105 105 105 105 
105 105 105 105 105 107 2 2 2 1 1 2 113 104 104 104 104 104 112 110 2 1 2 2 108 105 105 105 105 105 114 106 115 105 105 105 105 105 105 104 112 2 2 2 2 2 2 2 1 1 2 111 110 2 2 1 1 2 111 113 105 105 105 107 2 2 2 11 4 4 10 2 1 2 108 105 105 105 105 105 
105 105 105 105 105 105 114 2 1 2 2 2 111 109 109 109 109 109 110 2 1 2 106 115 105 105 105 105 105 105 105 105 105 105 105 105 105 105 112 109 110 2 2 2 1 1 2 1 1 2 1 2 1 2 2 2 1 1 2 111 113 105 105 105 114 106 1 1 2 1 2 2 2 115 105 105 105 105 105 105 
105 105 105 105 105 105 105 114 2 2 1 2 1 2 2 1 2 2 2 2 2 115 105 105 105 105 105 105 105 105 105 105 105 105 105 105 105 107 110 1 2 1 2 2 106 2 2 2 1 1 1 1 2 1 1 1 2 1 1 2 111 108 105 105 105 105 114 106 106 106 106 106 115 105 105 105 105 105 105 105 
105 105 105 105 105 105 105 105 114 2 2 2 1 1 1 2 1 2 2 2 115 105 105 105 105 105 105 105 105 105 104 104 104 105 105 105 104 112 2 2 1 2 2 115 105 114 106 106 106 106 106 106 1 1 2 1 1 1 2 1 2 113 105 105 105 105 105 105 105 105 105 105 105 105 105 105 105 105 105 105 
105 105 105 105 105 105 105 105 105 114 2 2 2 2 2 2 1 1 2 2 108 105 105 105 105 105 104 104 104 112 109 109 109 113 104 112 109 110 2 2 2 2 2 108 105 105 105 105 105 105 105 105 114 106 2 2 2 1 2 2 1 111 113 104 105 105 105 105 105 105 105 105 105 105 105 105 105 105 105 105 
105 105 105 105 105 105 105 105 105 112 2 1 1 1 1 2 2 2 2 106 108 105 105 105 104 112 109 109 109 110 2 2 2 111 109 110 2 2 1 2 1 2 115 105 105 105 105 105 105 104 104 105 105 105 114 106 2 2 2 2 1 2 111 109 108 105 105 105 105 105 105 105 105 105 105 105 105 105 105 105 
105 105 105 105 105 105 105 104 112 110 2 1 1 2 2 106 106 106 115 105 105 105 105 107 109 110 2 1 2 2 1 2 2 2 2 1 2 1 1 2 2 2 108 105 105 105 105 105 112 109 109 113 105 105 105 105 114 106 2 2 1 2 1 2 113 105 105 105 112 113 104 112 113 105 105 105 105 105 105 105 
105 105 105 105 105 105 107 109 110 2 2 1 2 2 115 105 105 105 105 105 105 105 105 107 2 2 2 2 2 2 2 2 1 1 1 2 2 2 2 1 1 2 113 105 105 105 105 107 110 2 2 111 113 105 105 105 105 105 114 2 2 1 1 2 111 113 105 105 114 111 109 110 111 113 105 105 105 105 105 105 
105 105 105 105 105 105 112 1 2 2 2 2 2 115 105 105 105 105 105 105 105 105 105 112 2 2 2 2 2 1 2 2 2 1 1 1 2 2 2 2 1 2 111 113 105 105 105 107 2 2 1 1 111 113 104 105 105 105 105 114 2 2 2 2 2 111 108 105 112 106 106 1 2 115 105 105 105 105 105 105 
105 105 105 105 104 112 110 2 2 2 2 106 115 105 105 105 105 105 105 105 105 104 112 110 2 1 2 2 106 115 114 2 2 1 1 2 2 106 2 2 2 1 2 111 113 105 105 105 114 2 2 1 2 111 109 113 105 105 105 105 114 2 1 2 1 2 113 112 115 105 105 114 115 105 105 105 105 105 105 105 
105 105 105 107 109 110 2 2 2 2 115 105 105 105 105 105 105 105 105 105 112 109 110 2 2 2 2 115 105 105 105 114 2 2 2 2 115 105 114 2 2 1 2 2 111 113 104 105 105 114 2 2 1 2 2 111 108 105 105 105 107 106 2 2 1 2 111 110 113 104 105 105 105 105 105 105 105 105 105 105 
105 105 105 112 2 2 2 2 2 2 108 105 105 105 105 105 105 105 105 107 110 2 2 2 2 1 2 108 105 105 105 105 114 2 2 2 113 105 107 2 2 2 2 2 2 111 109 108 105 105 114 2 2 2 2 2 113 105 105 105 105 105 114 2 2 2 2 2 111 109 113 104 105 105 105 105 105 105 105 105 
105 105 107 110 2 1 1 2 2 115 105 105 105 105 105 105 105 105 105 112 2 2 2 2 2 2 2 108 105 105 105 105 107 2 2 2 111 113 105 114 2 2 2 2 1 2 2 113 105 105 107 2 2 1 2 2 111 113 105 105 105 105 105 114 106 2 1 1 2 2 111 109 113 105 105 105 105 105 105 105 
105 105 107 2 1 2 2 2 2 108 105 105 105 105 105 105 105 104 112 110 2 1 2 2 2 2 115 105 105 105 105 105 105 114 2 2 2 111 113 105 114 2 2 2 2 2 2 111 113 104 112 2 2 1 2 2 1 111 108 105 105 105 105 105 105 114 106 1 1 2 2 2 111 113 104 104 104 104 104 112 
105 105 107 2 1 2 2 1 2 108 105 105 105 105 105 105 107 109 110 2 2 2 2 2 106 115 105 105 105 104 105 105 105 105 114 2 1 2 111 113 105 114 106 2 2 2 2 2 111 109 110 2 2 1 2 2 2 2 113 105 105 105 105 105 105 105 105 114 2 2 1 2 2 111 109 109 109 109 109 110 
105 105 107 2 2 2 2 2 2 108 105 105 105 105 105 105 112 2 2 1 2 2 106 115 105 105 105 105 107 109 113 105 105 105 105 114 2 2 2 111 113 105 105 114 2 1 2 2 1 1 1 2 2 2 2 115 114 2 111 108 105 105 105 105 105 105 105 105 114 106 106 106 106 1 1 1 2 2 1 2 
105 105 107 2 2 2 2 2 2 113 105 105 105 104 104 112 110 2 2 2 2 115 105 105 105 105 104 104 112 2 111 108 105 105 105 105 114 1 1 2 111 113 104 112 2 2 1 2 2 2 1 1 2 2 2 113 112 2 2 113 105 105 105 105 105 105 105 105 105 105 105 105 105 114 106 106 106 106 106 106 
105 105 105 114 2 2 2 1 2 111 113 104 112 109 109 110 1 2 1 2 106 108 105 105 105 107 109 109 110 1 1 113 105 105 105 105 105 114 2 2 2 111 109 110 2 2 2 2 2 2 2 2 2 106 106 111 110 2 1 111 113 105 105 105 105 105 105 105 105 105 105 105 105 105 105 105 105 105 105 105 
105 105 105 105 114 2 2 2 2 2 111 109 110 2 2 2 2 2 2 115 105 105 105 105 105 105 114 106 1 2 1 111 108 105 105 105 105 105 114 106 106 106 1 1 2 2 2 2 115 114 106 106 115 105 105 114 106 2 1 2 111 108 105 105 105 105 105 105 105 105 105 105 105 105 105 105 105 105 105 105 
105 105 105 105 107 2 2 2 2 2 2 1 2 2 2 1 2 106 115 105 105 105 105 105 105 105 105 105 114 106 106 115 105 105 105 105 105 105 105 105 105 105 114 106 106 106 115 114 108 105 105 105 105 105 105 105 105 114 2 2 2 108 105 105 105 105 105 105 105 105 105 105 105 105 105 105 105 105 105 105 
105 105 105 105 105 114 106 106 106 1 1 1 2 106 106 106 115 105 105 105 105 105 105 105 105 105 105 105 105 105 105 105 105 105 105 105 105 105 105 105 105 105 105 105 105 105 105 105 105 105 105 105 105 105 105 105 105 107 2 2 2 113 105 105 105 105 105 105 105 105 105 105 105 105 105 105 105 105 105 105 
105 105 105 105 105 105 105 105 105 114 106 106 115 105 105 105 105 105 105 105 105 105 105 105 105 105 105 105 105 105 105 105 105 105 105 105 105 105 105 105 105 105 105 105 105 105 105 105 105 105 105 105 105 105 105 105 105 112 2 1 2 111 113 105 105 105 105 105 105 105 105 105 105 105 105 105 105 105 105 105 
105 105 105 105 105 105 105 105 105 105 105 105 105 105 105 105 105 105 105 105 105 105 105 105 105 105 105 105 105 105 105 105 105 105 105 105 105 105 105 105 105 105 105 105 105 105 105 105 105 105 105 105 105 105 105 105 105 114 2 1 2 2 115 105 105 105 105 105 105 105 105 105 105 105 105 105 105 105 105 105 
105 105 105 105 105 105 105 105 105 105 105 105 105 105 105 105 105 105 105 105 105 105 105 105 105 105 105 105 105 105 105 105 105 105 105 105 105 105 105 105 105 105 105 105 105 105 105 105 105 105 105 105 105 105 105 105 105 112 2 2 2 2 108 105 105 105 105 105 105 105 105 105 105 105 105 105 105 105 105 105 
105 105 105 105 105 105 105 105 105 105 105 105 105 105 105 105 105 105 105 105 105 105 105 105 105 105 105 105 105 105 105 105 105 105 105 105 105 105 105 105 105 105 105 105 105 105 105 105 105 105 105 105 105 105 105 105 107 110 2 2 2 115 105 105 105 105 105 105 105 105 105 105 105 105 105 105 105 105 105 105 

[COLLISION]
0 0 0 0 0 0 0 0 0 0 0 0 0 0 0 0 0 0 0 0 0 0 0 0 0 0 0 0 0 0 0 0 0 0 0 0 0 0 0 0 0 1 0 0 0 0 9 0 0 0 0 0 0 0 0 0 0 0 0 0 0 0 0 0 0 0 0 0 0 0 0 0 0 0 0 0 0 0 0 0 
0 0 0 0 0 0 0 0 0 0 0 0 0 0 0 0 0 0 0 0 0 0 0 0 0 0 0 0 0 0 0 0 0 0 0 0 1 1 1 0 0 0 8 0 0 0 7 0 0 0 1 1 1 0 0 0 0 0 0 0 0 0 0 0 0 0 0 0 0 0 0 0 0 0 0 0 0 0 0 0 
0 0 0 0 0 0 0 0 0 0 0 0 0 0 0 0 0 0 0 0 0 0 0 0 0 0 0 0 0 0 0 0 0 0 1 6 0 0 0 7 0 0 6 0 0 0 9 0 1 6 0 0 0 7 1 1 1 1 0 0 0 0 0 0 0 0 0 0 0 0 0 0 0 0 0 0 0 0 0 0 
0 0 0 0 0 0 0 0 0 0 0 0 0 0 1 1 1 1 1 1 1 0 0 0 0 0 0 0 0 0 0 1 1 6 0 0 0 0 0 0 1 1 0 0 0 0 7 6 0 0 0 0 0 0 0 0 0 0 7 1 0 0 0 0 1 1 0 0 0 1 0 0 0 0 0 0 0 0 0 0 
0 0 0 0 0 0 0 0 0 0 0 0 1 6 0 0 0 0 0 0 0 7 0 0 0 0 0 0 1 1 6 0 0 0 0 0 0 0 0 0 1 0 8 0 0 0 0 0 0 0 0 4 0 0 0 0 0 0 0 0 7 1 1 6 0 0 7 1 6 0 7 1 1 0 0 0 0 0 0 0 
0 0 0 0 0 0 0 0 0 0 0 6 0 0 0 0 0 0 0 0 0 0 7 0 0 0 0 6 0 0 0 0 0 0 0 0 0 0 0 9 0 0 0 8 0 0 0 0 0 0 9 0 1 4 4 4 4 0 0 0 0 0 0 0 0 0 0 0 0 0 0 0 0 1 0 0 0 0 0 0 
0 0 0 0 0 0 0 0 0 0 1 0 0 0 0 0 0 0 0 0 0 0 0 7 1 1 6 0 0 0 0 0 0 0 0 0 0 0 0 7 1 1 1 6 0 0 0 0 0 9 0 0 0 0 0 0 0 8 4 0 0 0 0 0 0 0 0 0 0 0 0 0 0 0 1 0 0 0 0 0 
0 0 0 0 0 0 0 0 0 0 1 0 0 0 0 0 0 0 0 0 0 0 0 0 0 0 0 0 0 0 0 0 0 0 0 0 0 0 0 0 0 0 0 0 0 0 0 0 9 0 0 0 0 0 0 0 0 0 0 8 4 4 4 4 4 4 4 0 0 0 0 0 0 0 1 0 0 0 0 0 
0 0 0 0 0 0 0 0 0 0 0 8 4 0 0 0 0 0 0 0 0 4 0 0 0 0 0 0 0 0 0 0 0 0 0 0 0 0 0 0 0 0 0 0 0 0 4 9 0 0 0 0 0 0 0 0 0 0 0 0 0 0 0 0 0 0 0 8 0 0 0 0 0 0 1 0 0 0 0 0 
0 0 0 0 0 0 0 0 0 0 0 0 0 8 0 0 0 0 0 0 9 0 8 0 0 0 0 0 0 0 0 4 4 9 8 4 4 4 0 0 0 0 0 0 0 1 0 0 0 0 0 0 0 0 0 0 0 0 0 0 0 0 0 0 0 0 0 1 0 0 0 0 0 0 1 0 0 0 0 0 
0 0 0 0 0 0 0 0 0 0 0 0 0 0 8 0 0 0 0 0 7 1 6 0 0 0 0 0 0 0 1 0 0 0 0 0 0 0 8 0 0 0 0 0 9 0 0 0 0 0 0 0 0 0 0 0 0 0 0 0 0 0 0 0 0 0 0 1 0 0 0 0 0 0 1 0 0 0 0 0 
0 0 0 0 0 0 0 0 0 1 1 1 1 0 0 8 0 0 0 0 0 0 0 0 0 0 0 0 0 9 0 0 0 0 0 0 0 0 1 0 0 0 4 9 0 0 0 0 0 0 0 0 0 0 0 0 1 1 1 6 7 1 0 0 0 0 0 6 0 0 0 0 0 0 1 0 0 0 0 0 
0 0 0 0 0 0 0 0 6 0 0 0 0 7 1 6 0 0 0 0 0 0 0 0 0 0 0 0 9 0 0 0 0 1 0 0 0 0 0 8 4 9 0 0 0 0 0 0 1 6 7 0 0 0 0 6 0 0 0 0 0 0 7 1 1 1 6 0 0 0 0 0 0 9 0 0 0 0 0 0 
0 1 1 0 0 0 0 1 0 0 0 0 0 0 0 0 0 0 0 0 0 0 0 0 0 0 0 0 1 0 0 0 6 0 7 1 0 0 0 0 0 0 0 0 0 0 0 6 0 0 0 1 0 0 6 0 0 0 0 0 0 0 0 0 0 0 0 0 0 0 0 0 9 0 0 0 0 0 0 0 
6 0 0 7 0 0 0 1 0 0 0 0 0 0 0 0 0 0 0 0 0 0 0 0 0 0 0 0 1 0 0 1 0 0 0 0 7 1 0 0 0 0 0 0 0 0 6 0 0 4 9 0 0 1 0 0 0 0 0 0 0 0 0 0 0 0 0 0 0 0 4 9 0 0 0 0 0 0 0 0 
0 0 0 0 7 1 1 6 0 0 0 0 0 0 0 0 0 0 0 0 0 0 0 0 0 0 0 0 1 0 0 6 0 0 0 0 0 0 7 1 0 0 0 0 1 6 0 0 9 0 0 0 0 6 0 0 0 0 4 4 4 4 4 0 0 0 0 0 0 9 0 0 0 0 0 0 0 0 0 0 
0 0 0 0 0 0 0 0 0 0 0 0 0 0 0 0 0 0 0 0 0 0 0 0 0 0 0 9 0 0 1 0 0 4 4 0 0 0 0 0 7 0 0 6 0 0 0 9 0 0 0 0 6 0 0 0 0 9 0 0 0 0 0 8 0 0 0 0 0 1 0 0 0 0 0 0 0 0 0 0 
0 0 0 0 0 0 0 0 0 0 0 0 0 0 0 0 0 0 0 0 0 0 0 0 0 0 0 1 0 0 0 8 9 0 0 8 4 0 0 0 0 7 6 0 0 0 0 1 0 0 0 6 0 0 0 0 0 7 0 0 0 0 0 0 8 0 0 0 0 7 0 0 0 0 0 0 0 0 0 0 
0 4 4 0 0 0 0 0 9 8 4 4 0 0 0 0 0 0 0 0 0 0 0 0 0 0 9 0 0 0 0 0 0 0 0 0 0 8 4 0 0 0 0 0 0 0 9 0 0 0 1 0 0 0 0 9 8 9 0 0 0 0 0 0 0 8 0 0 0 0 1 0 0 0 0 0 0 0 0 0 
9 0 0 8 4 4 4 9 0 0 0 0 1 0 0 0 0 0 0 0 0 0 0 0 0 9 0 0 0 0 0 0 0 1 1 1 0 0 0 8 0 0 0 0 4 9 0 0 0 0 1 0 0 0 0 1 0 0 0 0 0 0 0 0 0 0 8 0 0 0 1 0 0 0 0 0 0 0 0 0 
0 0 0 0 0 0 0 0 0 0 0 0 6 0 0 0 0 0 0 0 0 0 0 4 9 0 0 0 0 0 0 1 6 0 0 0 7 0 0 0 8 4 4 9 0 0 0 0 0 0 6 0 0 0 9 0 0 0 0 0 0 0 0 0 0 0 6 0 0 0 1 0 0 0 0 0 0 0 0 0 
0 0 0 0 0 0 0 0 0 0 0 6 0 0 0 0 0 0 0 0 0 4 9 0 0 0 0 0 0 0 6 0 0 0 0 0 0 7 0 0 0 0 0 0 0 0 0 0 0 1 0 0 0 0 1 0 0 0 0 0 0 0 0 1 1 6 0 0 0 0 1 0 0 0 0 0 0 0 0 0 
0 0 0 0 0 0 0 0 0 0 6 0 0 0 0 0 0 0 4 4 9 0 0 0 0 0 0 0 0 6 0 0 0 0 0 0 0 0 1 0 0 0 0 0 0 0 1 0 0 6 0 0 0 9 0 0 0 0 0 0 0 1 6 0 0 0 0 0 0 0 1 0 0 0 0 0 0 0 0 0 
0 0 0 0 0 0 0 0 0 1 0 0 0 0 0 0 0 9 0 0 0 0 0 0 0 0 0 0 1 0 0 0 0 0 0 0 0 0 7 0 0 0 0 0 1 6 0 7 6 0 0 0 0 1 0 0 0 0 0 0 1 0 0 0 0 0 0 0 0 9 0 0 0 0 0 0 0 0 0 0 
0 0 0 0 0 0 0 0 1 6 0 0 0 0 0 0 9 0 0 0 0 0 0 0 0 0 0 1 6 0 0 0 0 0 0 0 0 0 0 7 1 1 1 6 0 0 0 0 0 0 0 0 0 1 0 0 0 0 0 0 1 0 0 0 0 0 0 0 0 1 0 0 0 0 0 0 0 0 0 0 
0 0 0 0 0 0 0 6 0 0 0 0 0 0 0 9 0 0 0 0 0 0 0 0 0 0 6 0 0 0 0 0 0 9 8 0 0 0 0 0 0 0 0 0 0 0 0 0 0 0 0 0 0 7 0 0 0 0 0 0 1 0 0 0 0 0 0 0 0 1 0 0 0 0 0 0 0 0 0 0 
0 0 0 0 0 0 1 0 0 0 0 0 0 0 9 0 0 0 0 0 0 0 0 0 1 6 0 0 0 0 0 0 9 0 0 8 0 0 0 0 0 0 0 0 0 0 0 0 0 0 0 0 0 0 1 0 0 0 0 0 1 0 0 0 0 0 0 0 9 0 0 0 0 0 0 0 0 0 0 0 
0 0 0 0 0 0 6 0 0 0 0 0 0 0 1 0 0 0 0 0 0 0 0 6 0 0 0 0 0 0 0 0 7 0 0 1 0 0 0 0 0 0 0 0 0 9 8 0 0 0 0 0 0 0 1 0 0 0 0 0 1 0 0 0 0 0 0 0 1 0 0 0 0 0 0 0 0 0 0 0 
0 0 0 0 0 1 0 0 0 0 0 0 0 9 0 0 0 0 0 0 0 0 6 0 0 0 0 0 0 0 0 0 0 7 0 0 8 4 0 0 0 0 0 0 9 0 0 8 4 0 0 0 0 0 1 0 0 0 0 0 1 1 0 0 0 0 0 0 1 0 0 0 0 0 0 0 0 0 0 0 
0 0 0 0 0 6 0 0 0 0 0 0 0 1 0 0 0 0 0 0 0 6 0 0 0 0 0 0 0 0 0 0 0 0 1 0 0 0 8 0 0 0 0 9 0 0 0 0 0 8 0 0 0 0 1 0 0 0 0 0 0 1 0 0 0 0 0 0 7 1 0 0 0 0 0 0 0 0 0 0 
0 0 0 0 1 0 0 0 0 0 0 0 9 0 0 0 0 0 1 1 6 0 0 0 0 0 0 0 0 0 0 0 0 0 1 0 0 0 1 0 0 0 0 7 0 0 0 0 0 6 0 0 0 0 1 0 0 0 0 0 0 1 0 0 0 0 0 0 0 0 7 0 0 0 0 0 0 0 0 0 
0 0 0 0 1 0 0 0 0 0 0 9 0 0 0 0 0 6 0 0 0 0 0 0 0 0 4 4 0 0 0 0 0 0 1 0 0 0 1 0 0 0 0 0 7 0 0 0 1 0 0 0 0 9 0 0 0 0 0 0 0 6 0 0 0 0 0 0 0 0 0 7 0 0 0 0 0 0 0 0 
0 0 0 0 1 0 0 0 0 0 0 1 0 0 0 0 1 0 0 0 0 0 0 0 0 9 0 0 8 4 4 4 4 9 0 0 0 0 1 0 0 0 0 0 0 1 0 0 6 0 0 0 0 1 0 0 0 0 0 0 1 0 0 0 0 0 0 0 0 0 0 0 1 0 0 0 0 0 0 0 
0 0 0 0 0 8 0 0 0 0 0 1 0 0 0 0 1 0 0 0 0 0 0 0 0 7 1 0 0 0 0 0 0 0 0 0 0 0 0 8 4 0 0 0 0 7 1 6 0 0 0 0 9 0 0 0 0 0 0 1 0 0 0 0 0 0 0 0 0 0 0 0 7 0 0 0 0 0 0 0 
0 0 0 0 0 1 0 0 0 0 0 7 0 0 0 0 0 8 0 0 0 0 0 0 0 0 0 1 0 0 0 0 0 0 0 0 0 0 0 0 0 8 0 0 0 0 0 0 0 0 0 0 1 0 0 0 0 0 0 6 0 0 0 0 0 0 0 0 0 0 0 0 0 7 0 0 0 0 0 0 
0 0 0 0 0 0 8 0 0 0 0 0 7 0 0 0 0 0 8 4 4 0 0 0 0 0 0 7 1 0 0 0 0 0 0 0 0 0 0 0 0 0 8 4 0 0 0 0 0 0 0 9 0 0 0 0 0 0 6 0 0 0 0 0 0 4 0 0 0 0 0 0 0 0 1 0 0 0 0 0 
0 0 0 0 0 0 1 4 0 0 0 0 0 7 0 0 0 0 0 0 0 8 0 0 0 0 0 0 0 7 1 0 0 0 0 0 0 0 0 0 0 0 0 0 8 0 0 0 0 0 0 1 0 0 0 0 0 1 0 0 0 0 0 0 9 0 8 0 0 0 0 0 0 9 0 0 0 0 0 0 
0 0 0 0 0 0 0 0 8 0 0 0 0 0 1 0 0 0 0 0 0 3 8 4 4 0 0 0 0 0 0 7 1 0 0 0 0 0 0 0 0 0 0 0 0 8 0 0 0 0 0 1 0 0 0 0 0 1 0 0 0 0 0 0 1 0 0 8 4 4 4 4 9 0 0 0 0 0 0 0 
0 0 0 0 0 0 0 0 0 8 0 0 0 0 1 0 0 0 0 0 0 0 0 0 3 8 4 0 0 0 0 0 1 0 0 0 0 0 0 0 0 0 0 0 0 1 0 0 0 0 0 1 0 0 0 0 0 0 8 0 0 0 0 0 7 1 0 0 0 0 0 0 0 0 0 0 0 0 0 0 
0 0 0 0 0 0 0 0 0 6 0 0 0 0 1 0 0 0 0 0 0 0 0 0 0 0 0 8 0 0 0 0 1 0 0 0 0 0 0 0 0 0 0 0 0 0 8 0 0 0 0 1 0 0 0 0 0 0 1 0 0 0 0 0 0 0 1 0 0 0 0 0 0 0 0 0 0 0 0 0 
0 0 0 0 0 0 0 0 1 0 0 0 0 0 1 0 0 0 0 0 0 0 0 0 0 0 0 1 0 0 0 0 7 1 0 0 0 0 0 0 0 0 0 0 0 0 1 0 0 0 0 1 0 0 0 0 0 0 0 8 0 0 0 0 0 0 1 0 0 0 0 0 0 0 0 0 0 0 0 0 
0 0 0 0 0 0 0 0 6 0 0 0 0 9 0 0 0 0 0 0 0 0 0 0 0 0 0 0 8 0 0 0 0 7 0 0 0 0 0 0 0 0 0 0 0 0 1 0 0 0 0 7 1 0 0 0 0 0 0 1 0 0 0 0 0 4 1 0 0 0 0 0 0 0 0 0 0 0 0 0 
0 0 0 0 0 0 0 6 0 0 0 0 9 0 0 0 0 0 0 0 0 0 0 0 0 0 0 0 1 0 0 0 0 0 1 0 0 0 0 0 0 0 0 0 0 0 6 0 0 0 0 0 0 7 0 0 0 0 0 0 8 4 4 4 9 0 0 0 0 0 0 0 0 0 0 0 0 0 0 0 
0 0 0 0 0 0 6 0 0 0 0 0 1 0 0 0 0 0 1 1 1 0 0 0 0 0 0 0 0 8 0 0 0 0 1 0 0 0 0 0 0 0 0 1 1 6 0 0 0 0 0 0 0 0 7 0 0 0 0 0 0 0 0 0 0 0 0 0 0 0 0 0 0 0 0 0 0 0 0 0 
0 0 0 0 0 1 0 0 0 0 0 9 0 0 0 1 1 6 0 0 0 7 1 0 0 0 0 0 0 1 0 0 0 0 1 0 0 0 0 0 0 0 6 0 0 0 0 0 0 0 0 0 0 0 0 7 0 0 0 0 0 0 0 0 0 0 0 0 0 0 0 0 0 0 0 0 0 0 0 0 
0 0 0 0 0 6 0 0 0 0 0 1 0 1 6 0 0 0 0 0 0 0 0 7 0 0 0 0 0 1 0 0 0 0 1 0 0 0 0 0 0 6 0 0 0 0 0 0 0 9 8 0 0 0 0 0 7 0 0 0 0 0 0 0 0 0 0 0 0 0 0 0 0 0 0 0 0 0 0 0 
0 0 0 0 1 0 0 0 0 0 9 0 6 0 0 0 0 0 0 0 0 0 0 0 1 0 0 0 0 1 0 0 0 0 1 0 0 0 0 0 1 0 0 0 0 0 0 0 9 0 0 8 0 0 0 0 0 7 1 0 0 0 0 0 0 0 0 0 0 0 0 0 0 0 0 0 0 0 0 0 
0 0 0 0 1 0 0 0 0 9 0 1 0 0 0 0 0 0 0 4 0 0 0 0 7 0 0 0 1 6 0 0 0 9 1 0 0 0 0 0 6 0 0 0 0 0 0 0 7 1 1 6 0 0 0 0 0 0 0 7 1 1 0 0 0 0 1 6 7 1 1 0 0 0 0 0 0 0 0 0 
0 0 0 0 1 0 0 0 0 1 0 1 0 0 0 0 0 4 9 0 8 0 0 0 0 7 1 6 0 0 0 0 0 1 0 0 0 0 0 1 0 0 0 0 0 0 0 0 0 0 0 0 0 0 0 0 0 0 0 0 0 0 7 1 1 6 0 0 0 0 0 7 1 0 0 0 0 0 0 0 
0 0 0 0 1 0 0 0 0 1 0 1 0 0 0 0 9 0 0 1 6 0 0 0 0 0 0 0 0 0 0 0 9 0 0 0 0 0 0 1 0 0 0 0 0 0 0 0 0 0 0 0 0 0 0 0 0 0 0 0 0 0 0 0 0 0 0 0 0 0 0 0 0 1 0 0 0 0 0 0 
0 0 0 0 1 0 0 0 0 1 0 1 0 0 0 9 0 0 6 0 0 0 0 0 0 0 0 0 0 0 0 0 1 0 0 0 0 0 0 1 0 0 0 0 0 0 0 0 0 0 0 0 0 0 0 0 0 0 0 0 0 0 0 0 0 0 0 0 0 0 0 0 0 7 0 0 0 0 0 0 
0 0 0 0 1 0 0 0 0 7 0 1 0 0 0 7 1 6 0 0 0 0 0 0 0 0 0 0 0 4 4 9 0 0 0 0 0 0 0 1 0 0 0 0 9 8 0 0 0 0 0 0 9 8 0 0 0 0 0 0 0 0 0 0 0 0 0 0 0 0 0 0 0 0 1 0 0 0 0 0 
0 0 0 0 0 8 0 0 0 0 1 0 8 0 0 0 0 0 0 0 0 0 0 0 0 0 4 4 9 0 0 0 0 0 0 0 0 0 0 1 0 0 0 0 7 1 8 0 0 0 0 0 1 6 0 0 0 0 0 9 8 0 0 0 0 0 0 0 0 0 0 0 0 0 1 0 0 0 0 0 
0 0 0 0 0 1 0 0 0 0 7 0 0 8 4 4 4 4 9 8 0 0 0 0 0 9 0 0 0 0 0 0 0 0 0 0 0 0 0 0 8 0 0 0 0 7 6 0 0 0 0 9 1 0 0 0 0 0 9 0 0 8 4 0 0 0 0 0 0 0 0 0 0 0 1 0 0 0 0 0 
0 0 0 0 0 1 0 0 0 0 0 7 0 0 0 0 0 0 0 6 0 0 0 0 9 0 0 0 0 0 0 0 0 0 0 0 0 0 0 0 1 0 0 0 0 0 0 0 0 0 0 7 6 0 0 0 0 0 7 0 0 0 0 8 0 0 0 0 0 0 0 0 0 0 1 0 0 0 0 0 
0 0 0 0 0 1 0 0 0 0 0 0 7 1 1 1 1 1 6 0 0 0 0 0 1 0 0 0 0 0 0 0 0 0 0 0 0 0 0 1 6 0 0 0 0 0 0 0 0 0 0 0 0 0 0 0 0 0 0 7 0 0 0 1 0 0 0 0 0 0 0 0 0 0 1 0 0 0 0 0 
0 0 0 0 0 0 8 0 0 0 0 0 0 0 0 0 0 0 0 0 0 0 4 9 0 0 0 0 0 0 0 0 0 0 0 0 0 0 6 0 0 0 0 0 0 0 0 0 0 0 0 0 0 0 0 0 0 0 0 0 7 0 0 0 8 4 0 0 0 0 0 0 0 9 0 0 0 0 0 0 
0 0 0 0 0 0 0 8 0 0 0 0 0 0 0 0 0 0 0 0 0 9 0 0 0 0 0 0 0 0 0 0 0 0 0 0 0 1 0 0 0 0 0 0 4 0 0 0 0 0 0 0 0 0 0 0 0 0 0 0 0 1 0 0 0 0 8 4 4 4 4 4 9 0 0 0 0 0 0 0 
0 0 0 0 0 0 0 0 8 0 0 0 0 0 0 0 0 0 0 0 9 0 0 0 0 0 0 0 0 0 1 1 1 0 0 0 1 6 0 0 0 0 0 9 0 8 4 4 4 4 4 4 0 0 0 0 0 0 0 0 0 7 0 0 0 0 0 0 0 0 0 0 0 0 0 0 0 0 0 0 
0 0 0 0 0 0 0 0 0 8 0 0 0 0 0 0 0 0 0 0 1 0 0 0 0 0 1 1 1 6 0 0 0 7 1 6 0 0 0 0 0 0 0 1 0 0 0 0 0 0 0 0 8 4 0 0 0 0 0 0 0 0 7 1 0 0 0 0 0 0 0 0 0 0 0 0 0 0 0 0 
0 0 0 0 0 0 0 0 0 6 0 0 0 0 0 0 0 0 0 4 1 0 0 0 1 6 0 0 0 0 0 0 0 0 0 0 0 0 0 0 0 0 9 0 0 0 0 0 0 1 1 0 0 0 8 4 0 0 0 0 0 0 0 0 1 0 0 0 0 0 0 0 0 0 0 0 0 0 0 0 
0 0 0 0 0 0 0 1 6 0 0 0 0 0 0 4 4 4 9 0 0 0 0 1 0 0 0 0 0 0 0 0 0 0 0 0 0 0 0 0 0 0 1 0 0 0 0 0 6 0 0 7 0 0 0 0 8 4 0 0 0 0 0 0 7 0 0 0 0 0 0 0 0 0 0 0 0 0 0 0 
0 0 0 0 0 0 1 0 0 0 0 0 0 0 9 0 0 0 0 0 0 0 0 1 0 0 0 0 0 0 0 0 0 0 0 0 0 0 0 0 0 0 7 0 0 0 0 1 0 0 0 0 7 0 0 0 0 0 8 0 0 0 0 0 0 7 0 0 0 0 0 0 0 0 0 0 0 0 0 0 
0 0 0 0 0 0 6 0 0 0 0 0 0 9 0 0 0 0 0 0 0 0 0 6 0 0 0 0 0 0 0 0 0 0 0 0 0 0 0 0 0 0 0 7 0 0 0 1 0 0 0 0 0 7 1 0 0 0 0 8 0 0 0 0 0 0 1 0 0 0 0 0 0 0 0 0 0 0 0 0 
0 0 0 0 1 6 0 0 0 0 0 4 9 0 0 0 0 0 0 0 0 1 6 0 0 0 0 0 4 9 8 0 0 0 0 0 0 4 0 0 0 0 0 0 7 0 0 0 8 0 0 0 0 0 0 1 0 0 0 0 8 0 0 0 0 0 7 6 1 0 0 0 0 0 0 0 0 0 0 0 
0 0 0 1 0 0 0 0 0 0 9 0 0 0 0 0 0 0 0 0 6 0 0 0 0 0 0 9 0 0 0 8 0 0 0 0 9 0 8 0 0 0 0 0 0 7 1 0 0 8 0 0 0 0 0 0 1 0 0 0 1 4 0 0 0 0 0 0 7 1 1 0 0 0 0 0 0 0 0 0 
0 0 0 6 0 0 0 0 0 0 1 0 0 0 0 0 0 0 0 1 0 0 0 0 0 0 0 1 0 0 0 1 8 0 0 0 7 0 1 0 0 0 0 0 0 0 0 1 0 0 8 0 0 0 0 0 7 0 0 0 0 0 8 0 0 0 0 0 0 0 7 1 0 0 0 0 0 0 0 0 
0 0 1 0 0 0 0 0 0 9 0 0 0 0 0 0 0 0 0 6 0 0 0 0 0 0 0 1 0 0 0 0 1 0 0 0 0 7 0 8 0 0 0 0 0 0 0 7 0 0 1 0 0 0 0 0 0 7 0 0 0 0 0 8 4 0 0 0 0 0 0 0 7 0 0 0 0 0 0 0 
0 0 1 0 0 0 0 0 0 1 0 0 0 0 0 0 0 1 6 0 0 0 0 0 0 0 9 0 0 0 0 0 0 8 0 0 0 0 7 0 8 0 0 0 0 0 0 0 7 1 6 0 0 0 0 0 0 0 1 0 0 0 0 0 0 8 4 0 0 0 0 0 0 7 1 1 1 1 1 1 
0 0 1 0 0 0 0 0 0 1 0 0 0 0 0 0 1 0 0 0 0 0 0 0 4 9 0 0 0 0 0 0 0 0 8 0 0 0 0 7 0 8 4 0 0 0 0 0 0 0 0 0 0 0 0 0 0 0 7 0 0 0 0 0 0 0 0 8 0 0 0 0 0 0 0 0 0 0 0 0 
0 0 1 0 0 0 0 0 0 1 0 0 0 0 0 0 6 0 0 0 0 0 4 9 0 0 0 0 0 0 0 0 0 0 0 8 0 0 0 0 7 0 0 8 0 0 0 0 0 0 0 0 0 0 0 9 8 0 0 1 0 0 0 0 0 0 0 0 8 4 4 4 4 0 0 0 0 0 0 0 
0 0 1 0 0 0 0 0 0 7 0 0 0 1 1 6 0 0 0 0 0 9 0 0 0 0 0 0 0 0 0 0 0 0 0 0 8 0 0 0 0 7 1 6 0 0 0 0 0 0 0 0 0 0 0 7 6 0 0 7 0 0 0 0 0 0 0 0 0 0 0 0 0 8 4 4 4 4 4 4 
0 0 0 8 0 0 0 0 0 0 7 1 6 0 0 0 0 0 0 0 4 1 0 0 0 0 0 0 0 0 0 0 0 0 0 0 0 8 0 0 0 0 0 0 0 0 0 0 0 0 0 0 0 4 4 0 0 0 0 0 7 0 0 0 0 0 0 0 0 0 0 0 0 0 0 0 0 0 0 0 
0 0 0 0 8 0 0 0 0 0 0 0 0 0 0 0 0 0 0 9 0 0 0 0 0 0 0 0 0 0 0 0 0 0 0 0 0 0 8 4 4 4 0 0 0 0 0 0 9 8 4 4 9 0 0 8 4 0 0 0 0 1 0 0 0 0 0 0 0 0 0 0 0 0 0 0 0 0 0 0 
0 0 0 0 1 0 0 0 0 0 0 0 0 0 0 0 0 4 9 0 0 0 0 0 0 0 0 0 0 0 0 0 0 0 0 0 0 0 0 0 0 0 8 4 4 4 9 8 1 0 0 0 0 0 0 0 0 8 0 0 0 1 0 0 0 0 0 0 0 0 0 0 0 0 0 0 0 0 0 0 
0 0 0 0 0 8 4 4 4 0 0 0 0 4 4 4 9 0 0 0 0 0 0 0 0 0 0 0 0 0 0 0 0 0 0 0 0 0 0 0 0 0 0 0 0 0 0 0 0 0 0 0 0 0 0 0 0 1 0 0 0 7 0 0 0 0 0 0 0 0 0 0 0 0 0 0 0 0 0 0 
0 0 0 0 0 0 0 0 0 8 4 4 9 0 0 0 0 0 0 0 0 0 0 0 0 0 0 0 0 0 0 0 0 0 0 0 0 0 0 0 0 0 0 0 0 0 0 0 0 0 0 0 0 0 0 0 0 6 0 0 0 0 7 0 0 0 0 0 0 0 0 0 0 0 0 0 0 0 0 0 
0 0 0 0 0 0 0 0 0 0 0 0 0 0 0 0 0 0 0 0 0 0 0 0 0 0 0 0 0 0 0 0 0 0 0 0 0 0 0 0 0 0 0 0 0 0 0 0 0 0 0 0 0 0 0 0 0 8 0 0 0 0 9 0 0 0 0 0 0 0 0 0 0 0 0 0 0 0 0 0 
0 0 0 0 0 0 0 0 0 0 0 0 0 0 0 0 0 0 0 0 0 0 0 0 0 0 0 0 0 0 0 0 0 0 0 0 0 0 0 0 0 0 0 0 0 0 0 0 0 0 0 0 0 0 0 0 0 6 0 0 0 0 1 0 0 0 0 0 0 0 0 0 0 0 0 0 0 0 0 0 
0 0 0 0 0 0 0 0 0 0 0 0 0 0 0 0 0 0 0 0 0 0 0 0 0 0 0 0 0 0 0 0 0 0 0 0 0 0 0 0 0 0 0 0 0 0 0 0 0 0 0 0 0 0 0 0 1 0 0 0 0 9 0 0 0 0 0 0 0 0 0 0 0 0 0 0 0 0 0 0 
