[TILESET]
CaveSheet

[NPCS]
Bat 12 271 205
Bat 12 297 271
Bat 12 399 177
Bat 12 491 173
Bat 12 489 270
Bat 12 589 144
Bat 12 633 275
Bat 12 752 270
Bat 12 695 175
Bat 12 751 562
Bat 12 255 517
Bat 12 207 687
Bat 12 333 785
Bat 12 656 512


[WARPS]
644 880 64 16 Snow01 470 2114

[TERRAIN]
0 0 0 0 0 0 0 0 0 0 0 0 0 0 0 0 0 0 0 0 0 0 0 0 0 0 0 0 0 0 
0 0 0 0 0 0 0 0 0 0 0 0 0 0 0 0 0 0 0 0 0 0 0 0 0 0 0 0 0 0 
0 0 0 0 0 0 0 0 0 0 0 8 4 4 4 4 4 4 4 4 4 9 0 0 0 0 0 0 0 0 
0 0 0 0 0 0 0 8 4 4 4 12 1 1 1 1 1 1 1 1 1 13 4 4 9 0 0 0 0 0 
0 0 0 0 0 8 4 12 1 1 1 1 1 1 1 1 1 1 1 1 1 1 1 1 13 9 0 0 0 0 
0 0 0 0 8 12 1 1 1 1 1 1 1 1 1 1 1 1 1 1 1 1 1 1 1 7 0 0 0 0 
0 0 0 0 5 1 1 1 1 1 1 1 1 1 1 1 1 1 1 1 1 1 1 1 1 13 9 0 0 0 
0 0 0 0 5 1 1 1 1 1 1 1 1 1 1 1 1 1 1 1 1 1 1 1 1 1 7 0 0 0 
0 0 0 0 5 1 1 1 1 1 1 1 1 1 1 1 1 1 1 1 1 1 1 1 1 1 7 0 0 0 
0 0 0 0 11 15 1 1 1 1 1 1 1 1 1 1 1 1 1 1 1 1 1 1 1 1 7 0 0 0 
0 0 0 0 0 5 1 1 1 1 1 1 1 1 1 1 1 1 1 1 1 1 1 1 1 14 10 0 0 0 
0 0 0 0 0 11 15 1 1 1 1 14 6 6 6 6 6 6 15 1 1 1 1 14 6 10 0 0 0 0 
0 0 0 0 0 0 11 6 15 1 1 7 0 0 0 0 0 0 5 1 1 14 6 10 0 0 0 0 0 0 
0 0 0 0 0 0 0 0 5 1 1 13 9 0 0 0 0 8 12 1 1 7 0 0 0 0 0 0 0 0 
0 0 0 0 0 0 0 8 12 1 1 1 13 4 4 4 4 12 1 1 1 13 4 9 0 0 0 0 0 0 
0 0 0 0 0 0 8 12 1 1 1 1 1 1 1 1 1 1 1 1 1 1 1 13 9 0 0 0 0 0 
0 0 0 0 0 8 12 1 1 1 14 6 6 6 6 6 6 6 15 1 1 1 1 1 13 9 0 0 0 0 
0 0 0 0 0 5 1 1 1 14 10 0 0 0 0 0 0 0 11 6 15 1 1 1 1 7 0 0 0 0 
0 0 0 0 8 12 1 1 14 10 0 0 0 0 0 0 0 0 0 0 11 6 15 1 1 7 0 0 0 0 
0 0 0 8 12 1 1 1 7 0 0 0 0 0 0 0 0 0 0 0 0 0 11 6 6 10 0 0 0 0 
0 0 0 5 1 1 1 1 7 0 0 0 0 0 8 4 4 9 0 0 0 0 0 0 0 0 0 0 0 0 
0 0 0 11 15 1 1 1 13 9 0 0 0 8 12 1 1 13 4 9 0 0 0 0 0 0 0 0 0 0 
0 0 0 0 5 1 1 1 1 13 4 4 4 12 1 1 1 1 1 13 4 9 0 0 0 0 0 0 0 0 
0 0 0 0 11 15 1 1 1 1 1 1 1 1 1 1 1 1 1 1 1 13 9 0 0 0 0 0 0 0 
0 0 0 0 0 11 15 1 1 1 1 1 1 1 14 6 15 1 1 1 1 1 7 0 0 0 0 0 0 0 
0 0 0 0 0 0 11 15 1 1 1 1 1 14 10 0 11 15 1 1 1 1 13 9 0 0 0 0 0 0 
0 0 0 0 0 0 0 11 6 6 6 6 6 10 0 0 0 11 15 1 1 1 14 10 0 0 0 0 0 0 
0 0 0 0 0 0 0 0 0 0 0 0 0 0 0 0 0 0 11 6 22 18 10 0 0 0 0 0 0 0 
0 0 0 0 0 0 0 0 0 0 0 0 0 0 0 0 0 0 0 0 0 0 0 0 0 0 0 0 0 0 
0 0 0 0 0 0 0 0 0 0 0 0 0 0 0 0 0 0 0 0 0 0 0 0 0 0 0 0 0 0 

[COLLISION]
0 0 0 0 0 0 0 0 0 0 0 0 0 0 0 0 0 0 0 0 0 0 0 0 0 0 0 0 0 0 
0 0 0 0 0 0 0 0 0 0 0 0 0 0 0 0 0 0 0 0 0 0 0 0 0 0 0 0 0 0 
0 0 0 0 0 0 0 0 0 0 0 6 2 2 2 2 2 2 2 2 2 7 0 0 0 0 0 0 0 0 
0 0 0 0 0 0 0 6 2 2 2 13 0 0 0 0 0 0 0 0 0 12 2 2 7 0 0 0 0 0 
0 0 0 0 0 6 2 13 0 0 0 0 0 0 0 0 0 0 0 0 0 0 0 0 12 7 0 0 0 0 
0 0 0 0 6 13 0 0 0 0 0 0 0 0 0 0 0 0 0 0 0 0 0 0 0 3 0 0 0 0 
0 0 0 0 5 0 0 0 0 0 0 0 0 0 0 0 0 0 0 0 0 0 0 0 0 12 7 0 0 0 
0 0 0 0 5 0 0 0 0 0 0 0 0 0 0 0 0 0 0 0 0 0 0 0 0 0 3 0 0 0 
0 0 0 0 5 0 0 0 0 0 0 0 0 0 0 0 0 0 0 0 0 0 0 0 0 0 3 0 0 0 
0 0 0 0 8 11 0 0 0 0 0 0 0 0 0 0 0 0 0 0 0 0 0 0 0 0 3 0 0 0 
0 0 0 0 0 5 0 0 0 0 0 0 0 0 0 0 0 0 0 0 0 0 0 0 0 10 9 0 0 0 
0 0 0 0 0 8 11 0 0 0 0 10 4 4 4 4 4 4 11 0 0 0 0 10 4 9 0 0 0 0 
0 0 0 0 0 0 8 4 11 0 0 3 0 0 0 0 0 0 5 0 0 10 4 9 0 0 0 0 0 0 
0 0 0 0 0 0 0 0 5 0 0 12 7 0 0 0 0 6 13 0 0 3 0 0 0 0 0 0 0 0 
0 0 0 0 0 0 0 6 13 0 0 0 12 2 2 2 2 13 0 0 0 12 2 7 0 0 0 0 0 0 
0 0 0 0 0 0 6 13 0 0 0 0 0 0 0 0 0 0 0 0 0 0 0 12 7 0 0 0 0 0 
0 0 0 0 0 6 13 0 0 0 10 4 4 4 4 4 4 4 11 0 0 0 0 0 12 7 0 0 0 0 
0 0 0 0 0 5 0 0 0 10 9 0 0 0 0 0 0 0 8 4 11 0 0 0 0 3 0 0 0 0 
0 0 0 0 6 13 0 0 10 9 0 0 0 0 0 0 0 0 0 0 8 4 11 0 0 3 0 0 0 0 
0 0 0 6 13 0 0 0 3 0 0 0 0 0 0 0 0 0 0 0 0 0 8 4 4 9 0 0 0 0 
0 0 0 5 0 0 0 0 3 0 0 0 0 0 6 2 2 7 0 0 0 0 0 0 0 0 0 0 0 0 
0 0 0 8 11 0 0 0 12 7 0 0 0 6 13 0 0 12 2 7 0 0 0 0 0 0 0 0 0 0 
0 0 0 0 5 0 0 0 0 12 2 2 2 13 0 0 0 0 0 12 2 7 0 0 0 0 0 0 0 0 
0 0 0 0 8 11 0 0 0 0 0 0 0 0 0 0 0 0 0 0 0 12 7 0 0 0 0 0 0 0 
0 0 0 0 0 8 11 0 0 0 0 0 0 0 10 4 11 0 0 0 0 0 3 0 0 0 0 0 0 0 
0 0 0 0 0 0 8 11 0 0 0 0 0 10 9 0 8 11 0 0 0 0 12 7 0 0 0 0 0 0 
0 0 0 0 0 0 0 8 4 4 4 4 4 9 0 0 0 8 11 0 0 0 10 9 0 0 0 0 0 0 
0 0 0 0 0 0 0 0 0 0 0 0 0 0 0 0 0 0 8 4 0 0 9 0 0 0 0 0 0 0 
0 0 0 0 0 0 0 0 0 0 0 0 0 0 0 0 0 0 0 0 1 1 0 0 0 0 0 0 0 0 
0 0 0 0 0 0 0 0 0 0 0 0 0 0 0 0 0 0 0 0 0 0 0 0 0 0 0 0 0 0 
