[TILESET]
TileSheet

[TERRAIN]
76 76 76 76 76 76 76 76 76 76 76 76 76 83 2 2 2 81 76 76 76 76 76 76 76 76 76 76 76 76 76 76 76 76 76 76 76 76 76 76 76 76 76 76 76 76 76 76 76 76 76 76 76 76 76 76 76 76 76 76 76 76 76 76 76 76 76 76 76 76 76 76 76 76 76 76 76 76 76 76 
76 76 76 76 76 76 76 76 76 76 76 76 99 90 2 1 2 91 80 97 76 76 76 76 76 76 76 76 76 76 76 76 76 76 76 76 76 76 76 76 76 76 76 76 76 76 76 76 76 76 76 76 76 76 76 76 76 76 76 76 76 76 76 76 76 76 76 76 76 76 76 76 76 76 76 76 76 76 76 76 
76 76 76 76 76 76 76 76 76 76 76 99 90 2 1 1 2 2 1 91 97 76 76 76 76 76 76 76 76 76 76 76 76 76 76 76 76 76 76 76 76 76 76 76 76 76 76 76 76 76 76 76 76 76 76 76 76 76 76 76 76 76 76 76 76 76 76 76 76 76 76 76 76 76 76 76 76 76 76 76 
76 76 76 76 76 76 76 76 99 80 80 90 1 2 2 2 2 2 2 1 81 76 76 76 76 76 76 76 76 76 76 76 76 76 76 76 76 76 76 76 76 76 76 76 76 76 76 76 76 76 76 76 76 76 76 76 76 76 76 76 76 76 76 76 76 76 76 76 76 76 76 76 76 76 76 76 76 76 76 76 
76 76 76 76 76 76 76 99 90 1 2 2 2 2 2 2 1 2 2 89 98 76 76 76 76 76 76 99 80 80 80 80 80 80 80 80 80 97 76 76 76 76 76 76 76 76 76 76 76 76 76 76 76 76 76 76 76 76 76 76 76 76 76 76 76 76 76 76 76 76 76 76 76 76 76 76 76 76 76 76 
76 76 76 76 76 76 76 83 2 2 2 2 1 2 9 8 2 2 89 98 76 76 76 76 76 76 76 83 115 114 106 106 115 114 2 1 2 91 80 80 80 80 80 80 97 76 76 76 76 76 76 76 76 76 76 76 76 76 76 76 76 76 76 76 76 76 76 76 76 76 76 76 76 76 76 76 76 76 76 76 
76 76 76 76 76 76 99 90 2 2 1 2 1 9 14 5 2 2 81 76 76 76 76 76 76 99 80 90 113 105 104 104 105 105 114 2 2 2 1 2 2 1 2 2 91 97 76 76 76 76 76 76 76 76 76 76 76 76 76 76 76 76 76 76 76 76 76 76 76 76 76 76 76 76 76 76 76 76 76 76 
76 76 76 76 76 99 90 2 1 2 1 2 2 7 3 15 8 1 91 97 76 76 76 76 76 83 115 114 115 112 109 109 113 104 112 2 1 2 2 2 2 2 2 2 1 91 80 97 76 76 76 76 99 80 80 80 97 76 76 76 76 76 76 76 76 76 76 76 76 76 76 76 76 76 76 76 76 76 99 80 
76 76 76 76 99 90 2 2 2 1 1 1 1 7 3 3 5 1 2 91 97 76 76 99 80 90 113 104 112 110 9 6 8 109 110 2 2 9 8 1 1 1 1 2 2 2 2 91 80 80 80 80 90 2 1 2 91 80 80 97 76 76 76 76 76 76 76 76 76 76 76 76 76 76 76 76 76 99 90 106 
76 76 76 76 83 2 2 2 115 114 115 114 1 11 12 3 15 8 2 1 91 80 80 90 9 8 111 109 110 1 11 12 5 2 9 6 6 14 15 8 2 2 2 2 2 1 2 9 8 2 2 2 1 9 6 6 8 2 2 91 80 80 97 76 76 76 76 76 76 76 76 76 76 76 76 99 80 90 115 105 
76 76 76 76 83 2 1 2 113 105 105 105 114 1 11 12 13 10 2 2 2 2 1 2 11 10 2 9 6 6 8 7 15 8 7 3 3 3 3 5 1 2 2 2 9 6 6 14 5 1 9 6 6 14 3 3 5 2 1 1 2 1 91 80 97 76 76 76 76 76 76 76 76 76 99 90 106 115 105 105 
76 76 76 76 83 2 1 2 115 105 107 113 112 2 1 11 10 9 6 8 9 6 6 8 1 1 9 14 3 13 10 11 12 5 11 4 12 3 3 5 2 2 9 6 14 13 4 12 15 6 14 3 3 3 13 4 10 2 2 2 1 2 2 1 91 97 76 76 76 76 76 76 76 99 90 115 105 105 105 105 
76 76 76 76 96 88 1 2 113 105 107 111 110 2 1 1 9 14 3 15 14 3 13 10 9 6 14 13 12 5 1 1 11 10 2 2 11 4 4 10 2 2 11 12 3 5 9 14 3 3 3 13 4 12 15 6 8 2 2 9 8 2 2 2 2 91 80 80 80 80 97 76 76 83 115 105 105 105 105 105 
76 76 76 76 76 83 2 2 111 113 105 114 2 1 2 2 11 12 3 3 3 13 10 2 11 4 4 10 11 10 2 2 2 2 1 2 2 2 1 1 2 2 1 7 3 15 14 3 13 4 4 10 1 7 13 12 15 8 2 11 10 1 2 9 6 8 1 2 2 1 91 80 80 90 108 105 105 105 105 105 
76 76 76 76 76 83 2 1 2 111 113 112 2 1 2 2 1 11 4 4 4 10 2 1 2 89 82 82 82 82 82 82 82 82 82 82 88 1 2 1 2 2 2 11 12 3 3 3 15 8 1 9 6 14 15 14 3 5 2 2 1 9 6 14 3 15 6 6 8 2 2 1 1 2 113 104 105 105 105 105 
76 76 76 76 76 96 82 88 2 2 111 110 1 2 2 2 1 2 2 2 1 2 1 2 89 98 99 74 74 74 74 74 74 74 74 97 96 88 2 2 2 2 1 2 11 4 12 3 3 15 6 14 3 3 3 3 13 10 2 2 2 11 4 4 4 12 3 3 5 1 2 2 2 2 111 109 113 104 105 105 
76 76 76 76 76 76 76 96 82 88 1 1 2 2 2 1 2 2 1 2 2 2 89 82 98 99 90 2 2 2 2 2 2 2 2 91 97 96 82 88 1 2 1 2 9 6 14 13 12 3 3 3 13 4 4 4 10 2 9 6 8 2 2 2 2 11 4 4 10 2 2 2 2 2 1 2 111 109 113 104 
76 76 76 76 76 76 76 76 76 96 82 82 88 1 2 2 2 1 1 2 2 89 98 99 74 90 2 2 2 2 1 9 8 2 2 2 91 74 97 96 88 2 2 9 14 3 13 10 11 4 4 4 10 2 2 1 2 9 14 13 10 2 2 106 1 2 2 1 2 2 2 115 114 2 2 2 1 1 111 109 
76 76 76 76 76 76 76 76 76 76 76 76 96 88 2 2 1 2 2 2 1 81 99 90 2 2 1 2 2 2 9 14 15 8 2 2 1 2 91 97 83 2 2 11 4 4 10 1 9 8 2 2 2 1 2 2 2 7 13 10 1 2 115 105 114 2 2 2 2 1 2 108 105 114 106 2 2 2 2 2 
76 76 76 76 76 76 76 76 76 76 76 76 76 96 88 2 1 2 2 2 89 98 73 2 1 1 2 2 2 9 14 3 3 15 8 2 1 1 2 75 83 1 2 1 2 9 8 9 14 5 2 2 1 1 2 1 1 11 10 2 2 2 113 105 105 114 1 2 2 9 8 113 104 105 105 114 2 2 1 1 
76 76 76 76 76 76 76 76 76 76 76 76 76 76 83 2 2 2 1 2 81 99 90 2 1 2 2 9 6 14 13 4 12 3 5 2 2 2 2 75 83 2 2 2 2 7 15 14 3 15 6 8 2 2 2 2 2 2 2 2 1 1 111 113 104 105 114 2 2 7 15 8 109 113 104 112 2 1 2 2 
76 76 76 76 76 76 76 76 76 76 76 76 76 76 96 88 2 1 2 1 81 73 2 2 1 1 2 11 12 3 15 8 11 12 15 6 8 2 2 75 83 2 1 1 2 11 4 12 3 13 4 10 65 56 56 56 64 1 2 2 2 1 2 111 109 108 107 2 1 11 12 5 2 111 109 110 1 2 115 114 
76 76 76 76 76 76 76 76 76 76 76 76 76 76 76 83 2 1 2 2 81 73 2 2 2 1 2 2 7 3 3 15 6 14 13 12 15 8 2 75 83 2 2 1 2 9 6 14 13 10 65 56 68 16 16 16 70 56 64 2 2 1 1 2 2 113 112 2 2 2 11 10 1 1 2 2 2 115 105 105 
76 76 76 76 76 76 76 76 76 76 76 76 76 76 76 83 1 2 1 2 81 73 1 2 106 2 2 2 11 4 12 3 3 3 15 14 3 5 2 75 83 2 2 2 2 7 13 4 10 65 68 16 16 16 16 16 16 16 70 64 2 2 1 2 2 111 110 2 1 2 106 2 2 1 2 2 2 108 105 105 
76 76 76 76 76 76 76 76 76 76 76 76 76 76 76 96 88 2 1 2 81 96 88 115 107 1 2 1 2 1 11 4 12 13 4 4 12 5 2 75 83 2 2 1 2 11 10 65 56 68 16 16 16 16 16 16 16 16 16 70 64 2 2 2 2 2 1 2 106 115 107 2 2 2 2 106 115 105 105 105 
76 76 76 76 76 76 76 76 76 76 76 76 76 76 76 76 83 2 1 2 81 76 73 113 105 114 2 2 2 2 2 2 11 10 2 2 11 10 2 75 83 1 2 2 2 2 2 59 16 16 16 16 16 16 16 16 16 16 16 16 58 2 2 1 1 2 2 115 105 104 112 2 2 1 115 105 105 105 105 105 
76 76 76 76 76 76 76 76 76 76 76 76 76 76 76 76 83 2 1 2 91 97 96 88 108 107 106 115 114 2 1 2 1 1 1 1 2 2 89 98 83 2 9 6 8 2 2 59 16 16 16 16 16 16 16 16 16 16 16 16 70 64 2 1 2 2 2 113 112 109 110 2 2 1 108 105 105 105 105 105 
76 76 76 76 76 76 76 76 76 76 76 76 76 76 76 76 83 2 2 2 2 81 76 73 113 104 104 105 107 2 2 2 1 2 2 1 2 2 75 76 83 2 7 3 15 8 1 59 16 16 16 16 16 16 16 16 16 16 16 16 16 58 2 2 2 2 2 111 110 2 2 1 2 2 108 105 105 105 105 105 
76 76 76 76 76 76 76 76 76 76 76 76 76 76 76 99 90 2 1 1 2 91 97 73 111 109 109 108 107 2 2 1 2 2 1 2 2 2 75 99 90 2 7 3 13 10 1 59 16 16 16 16 16 16 16 16 16 16 16 16 16 58 2 2 1 1 9 6 6 6 8 2 2 115 105 105 105 105 105 105 
76 76 76 76 76 76 76 76 76 76 76 76 76 76 76 83 1 2 1 1 2 2 81 96 72 72 88 113 112 2 2 2 2 2 2 2 89 72 98 83 2 1 11 12 5 1 1 59 16 16 16 16 16 16 16 16 16 16 16 16 16 58 1 2 2 9 14 3 3 13 10 2 115 105 112 113 104 104 105 105 
76 76 76 76 76 76 76 76 76 76 76 76 76 76 76 96 88 2 2 1 1 2 81 76 76 76 96 72 72 72 72 42 42 82 72 72 98 76 76 83 2 2 9 14 15 8 2 59 16 16 16 16 16 16 16 16 16 16 16 16 16 58 2 2 9 14 3 3 13 10 1 2 108 112 110 111 109 109 113 104 
76 76 76 76 76 76 76 76 76 76 76 76 76 76 76 76 96 88 2 2 1 2 91 80 97 76 76 76 76 76 76 39 39 76 76 76 76 76 99 90 2 2 7 3 3 5 2 67 71 16 16 16 16 16 16 16 16 16 16 69 57 66 2 2 11 12 13 4 10 1 2 115 107 110 89 82 82 88 111 109 
76 76 76 76 76 76 76 76 76 76 76 76 76 76 76 76 76 96 82 82 88 2 2 2 91 80 97 76 76 76 76 39 39 76 76 76 76 99 90 2 2 1 11 12 13 10 2 1 67 57 71 16 16 16 16 16 16 69 57 66 2 2 1 2 2 11 10 1 2 2 2 113 112 89 98 78 78 96 82 82 
76 76 76 76 76 76 76 76 76 76 76 76 76 76 76 76 76 76 76 76 96 88 2 2 2 2 91 80 80 80 80 40 40 80 80 80 80 90 2 2 1 1 1 11 10 2 1 2 2 2 67 71 16 16 16 16 69 66 2 1 9 6 6 8 2 1 2 89 82 82 82 82 82 98 78 78 78 78 78 78 
76 76 76 76 76 76 76 76 76 76 76 76 76 76 76 76 76 76 76 76 76 96 88 2 2 2 1 2 2 2 9 8 2 2 2 2 2 1 2 2 2 2 2 2 2 1 1 1 2 2 2 49 21 21 21 21 51 1 2 9 14 3 3 5 2 89 82 98 78 78 78 78 78 78 78 78 78 78 78 78 
76 76 76 76 76 76 76 76 76 76 76 76 76 76 76 76 76 76 76 76 76 76 96 88 2 1 2 2 2 9 14 5 1 9 8 2 2 2 2 2 9 8 9 6 6 6 6 6 8 9 6 121 38 38 38 38 123 8 2 7 3 3 3 5 89 98 77 77 77 78 78 78 78 78 78 78 78 78 78 78 
76 76 76 76 76 76 76 76 76 76 76 76 76 76 76 76 76 76 76 76 76 76 76 83 2 2 1 1 2 11 12 15 8 11 10 2 1 2 9 6 14 5 11 12 3 3 13 12 15 14 3 44 38 38 38 38 46 15 8 7 3 3 13 10 81 77 77 77 77 77 77 78 78 78 78 78 78 78 78 79 
76 76 76 76 76 76 76 76 76 76 76 76 76 76 76 76 76 76 76 76 76 76 76 96 88 2 2 1 2 2 11 12 15 8 2 2 2 9 14 3 3 15 6 14 13 4 10 11 4 116 4 120 38 38 38 38 122 4 10 11 12 13 10 89 98 77 77 77 77 77 77 77 78 78 78 78 78 79 79 79 
76 76 76 76 76 76 76 76 76 76 76 76 76 76 76 76 76 76 76 76 76 76 76 99 90 2 1 1 1 1 2 11 4 10 1 9 6 14 3 3 13 4 4 4 10 2 2 2 115 105 114 48 20 20 20 20 50 2 9 8 11 10 2 81 77 77 77 77 77 77 77 77 77 77 78 78 79 79 79 79 
76 76 76 76 76 76 76 76 76 76 76 76 76 76 76 76 76 76 76 76 76 76 99 90 2 2 2 2 2 1 2 2 1 9 8 11 12 3 3 13 10 1 2 9 8 1 2 2 113 104 112 59 16 16 16 16 58 2 11 10 1 2 1 91 97 77 77 77 77 77 77 77 77 76 76 77 79 79 79 79 
76 76 76 76 76 76 76 76 76 76 76 76 76 76 76 76 76 76 76 76 76 76 83 2 2 2 1 1 2 2 9 6 6 14 15 8 11 4 4 10 9 8 1 7 15 8 2 89 82 82 88 67 71 16 16 16 58 1 2 2 2 106 2 2 81 77 77 77 77 77 77 77 76 76 76 77 77 79 79 79 
76 76 76 76 76 76 76 76 76 76 76 76 76 76 76 76 76 76 76 76 76 99 90 2 2 2 2 2 2 9 14 3 3 3 3 5 1 2 2 1 7 15 6 14 13 10 89 98 78 78 96 88 59 16 16 16 70 64 115 114 115 105 114 1 81 77 77 77 77 77 76 76 76 76 76 77 77 79 79 79 
76 76 76 76 76 76 76 76 76 76 76 76 76 76 76 76 76 76 76 76 76 83 1 2 2 1 2 2 2 7 3 3 13 4 4 10 2 9 6 6 14 3 3 3 5 89 98 77 78 78 78 83 67 71 16 16 16 58 113 105 105 104 112 89 98 77 77 77 77 76 76 76 76 76 77 77 77 79 79 79 
76 76 76 76 76 76 76 76 76 76 76 76 76 76 76 76 76 76 76 76 76 83 1 2 2 9 6 8 9 14 13 4 10 2 2 2 2 7 13 12 3 3 3 13 10 81 77 77 77 78 78 96 88 59 16 16 16 70 64 113 112 109 110 81 77 77 77 76 76 76 76 76 76 76 77 77 77 77 79 79 
76 76 76 76 76 76 76 76 76 76 76 76 76 76 76 76 76 76 76 76 76 83 2 9 8 7 3 15 14 13 10 2 1 2 2 1 2 11 10 11 4 12 3 5 2 91 97 77 77 77 79 79 83 67 71 16 16 16 58 111 110 89 82 98 77 77 76 76 76 76 76 76 76 76 77 77 77 77 76 79 
76 76 76 76 76 76 76 76 76 76 76 76 76 76 76 76 76 76 76 99 80 90 9 14 5 11 4 4 4 10 2 2 1 1 89 82 82 82 72 88 1 7 13 10 1 2 81 77 77 77 76 79 96 88 59 16 16 16 70 56 64 91 80 97 77 77 76 76 76 76 76 76 76 77 77 77 77 77 76 76 
76 76 76 76 76 76 76 76 76 76 76 76 76 76 76 76 76 99 80 90 1 9 14 3 15 8 1 2 2 1 2 2 89 82 98 78 78 78 78 96 88 11 10 1 2 2 91 97 77 76 76 79 79 83 67 71 16 16 16 16 70 56 64 91 97 76 76 99 80 80 80 80 97 77 77 77 77 77 76 76 
76 76 76 76 76 76 76 76 76 76 76 76 76 76 99 80 80 90 1 2 9 14 3 13 4 10 2 2 2 2 89 82 98 78 78 78 78 78 78 78 83 2 2 1 1 2 2 81 77 76 76 76 79 83 1 67 71 16 16 16 16 16 70 64 91 80 80 90 9 6 8 1 91 97 77 77 77 76 76 76 
76 76 76 76 76 76 76 76 76 79 79 99 80 80 90 2 1 2 2 9 14 3 13 10 2 2 2 2 1 89 98 78 78 78 78 78 78 78 78 78 96 88 1 2 2 9 8 91 97 76 76 76 99 90 115 114 67 71 16 16 16 16 16 70 56 64 1 2 7 3 15 6 8 81 77 77 77 76 76 76 
76 76 76 76 76 76 76 79 79 79 99 90 2 1 2 2 2 2 2 7 13 12 5 2 2 1 2 2 89 98 78 78 78 78 78 78 78 78 78 78 78 96 88 1 2 11 10 1 91 80 80 80 90 115 105 105 114 67 57 71 16 16 16 16 16 70 56 64 11 4 4 12 5 91 80 97 77 76 76 76 
76 76 76 76 76 76 79 79 79 99 90 2 2 2 1 1 2 2 9 14 15 14 5 1 2 2 1 89 98 78 78 78 99 80 80 80 80 97 78 78 78 78 96 88 1 2 9 6 8 9 8 1 1 113 104 105 107 89 88 67 57 71 16 16 16 16 16 70 56 64 2 11 10 1 2 81 76 76 76 76 
76 76 76 76 76 79 79 79 79 83 2 2 2 2 2 2 2 9 14 3 3 13 10 2 2 2 2 81 77 77 78 78 83 2 2 1 2 91 80 97 78 78 78 83 2 2 7 13 10 7 15 8 1 111 109 113 112 81 96 88 2 67 57 57 57 57 71 16 16 70 53 42 42 54 64 91 80 80 97 76 
76 76 76 76 76 79 79 79 79 83 1 2 1 2 2 2 9 14 3 3 13 10 2 2 1 2 89 98 77 77 77 99 90 2 1 2 2 2 1 91 80 97 78 96 82 88 11 10 2 11 12 15 8 1 1 111 110 81 77 96 82 82 82 82 82 88 67 71 16 16 23 39 39 22 70 56 56 64 91 80 
76 76 76 76 79 79 79 79 79 83 2 2 1 2 2 2 7 13 12 13 10 2 2 2 2 2 81 77 77 77 77 83 115 114 2 1 1 1 2 2 2 91 97 78 78 96 88 2 1 9 14 13 10 9 8 2 89 98 77 77 78 78 78 78 78 96 88 67 71 16 23 39 39 22 16 16 16 70 56 56 
76 76 76 76 79 79 79 79 79 83 2 2 2 2 1 2 7 5 7 5 1 9 8 2 2 2 81 77 77 77 77 83 113 112 1 2 2 2 1 1 2 2 91 80 97 79 96 88 1 11 12 5 2 7 5 1 81 77 77 77 77 78 78 78 78 78 96 88 67 71 23 39 39 22 16 16 16 16 16 16 
76 76 76 76 79 79 79 79 79 83 2 2 2 2 2 2 7 15 14 5 2 11 10 2 2 1 81 77 77 77 77 83 111 115 114 2 89 82 88 2 2 2 1 2 91 97 79 96 82 88 11 10 2 11 10 2 91 80 80 97 77 77 77 78 78 78 78 96 88 59 23 39 39 22 16 16 16 16 16 16 
76 76 76 76 76 79 79 79 79 96 88 2 2 1 2 2 7 3 3 5 2 1 2 2 89 82 98 77 77 77 77 96 88 113 112 89 98 78 96 82 88 2 2 1 2 91 97 79 79 96 88 1 2 1 9 8 2 1 2 91 80 97 77 77 78 78 79 79 83 67 52 40 40 55 71 16 16 16 16 16 
76 76 76 76 76 79 79 79 79 79 83 1 2 2 1 2 7 3 3 15 8 2 1 2 81 77 77 77 77 77 78 78 96 82 82 98 78 78 78 78 96 88 2 1 2 2 81 79 79 79 96 82 82 88 11 10 1 2 1 2 1 81 77 77 77 79 79 79 96 88 1 2 2 2 67 57 57 71 16 16 
76 76 76 76 76 76 79 79 79 79 96 88 2 2 2 2 11 12 3 13 10 2 2 89 98 77 77 77 77 76 76 78 78 78 78 78 78 76 76 76 78 96 88 2 2 2 81 79 79 79 79 79 79 96 88 2 9 6 8 1 2 81 77 77 76 76 79 79 79 83 2 1 1 2 2 2 2 67 57 57 
76 76 76 76 76 76 79 79 79 79 79 96 82 82 88 2 1 7 3 5 1 2 89 98 77 77 77 77 77 76 76 76 78 78 78 76 76 76 76 76 76 76 96 88 2 2 91 97 79 79 79 79 79 79 83 1 7 13 10 89 82 98 77 76 76 76 76 79 79 83 2 1 1 89 88 2 2 2 2 2 
76 76 76 76 76 76 79 79 79 79 76 76 76 76 83 2 2 7 3 15 8 2 91 97 77 77 77 77 76 76 76 76 76 76 76 76 76 99 80 80 80 80 80 90 2 1 2 81 79 79 79 79 79 99 90 2 11 10 89 98 78 78 78 76 76 76 79 79 99 90 2 2 2 81 96 88 2 2 2 2 
76 76 76 76 76 76 79 79 79 79 76 76 76 76 83 2 2 11 4 4 10 2 1 91 97 77 77 77 76 76 76 76 76 76 76 99 80 90 2 2 2 9 6 6 8 2 2 81 79 79 79 79 99 90 1 1 2 89 98 78 78 78 76 76 76 76 79 99 90 2 1 2 89 98 78 96 72 88 2 2 
76 76 76 76 76 79 79 79 79 79 99 80 80 80 90 1 2 2 2 1 2 1 2 1 81 77 77 76 76 76 76 76 76 99 80 90 2 1 1 9 6 14 3 3 5 1 2 81 79 79 99 80 90 2 1 2 89 98 77 78 78 78 79 79 99 80 80 90 1 2 2 89 98 78 78 78 78 96 72 72 
76 76 76 76 76 79 79 79 79 79 83 2 115 114 2 2 2 1 9 6 8 2 2 2 91 97 77 76 76 76 76 76 76 83 2 2 1 2 9 14 13 4 12 3 5 2 2 81 79 79 83 9 8 1 2 1 81 77 77 77 77 79 79 79 83 1 115 114 1 2 1 81 77 77 78 78 78 78 78 78 
76 76 76 76 79 79 79 79 79 99 90 2 108 107 2 2 2 9 14 3 15 6 8 1 2 81 77 76 76 76 76 76 99 90 2 9 8 9 14 3 5 9 14 13 10 2 89 98 79 99 90 11 10 2 2 89 98 77 77 77 76 76 79 79 96 88 113 112 2 2 2 81 77 77 77 77 78 78 79 79 
76 76 76 76 79 79 79 79 79 83 1 2 108 105 114 1 2 11 12 3 3 3 15 6 6 121 38 38 38 38 38 38 123 6 8 11 10 11 4 12 15 14 13 10 2 2 81 79 79 83 2 1 2 9 8 81 77 77 77 76 76 76 76 79 79 96 88 2 2 1 89 98 77 77 77 77 78 78 79 79 
76 76 76 76 79 79 79 79 79 83 2 115 105 105 107 2 2 2 11 12 3 3 3 3 3 44 38 38 38 38 38 38 46 13 10 2 1 9 8 11 4 4 10 2 1 1 81 79 79 83 2 2 2 11 10 91 97 77 76 76 76 76 76 76 79 79 83 1 2 2 81 77 77 77 77 77 78 79 79 79 
76 76 76 76 79 79 79 79 79 83 2 113 104 105 105 114 2 2 2 7 3 3 3 13 4 120 38 38 38 38 38 38 122 10 89 88 2 11 10 2 2 2 2 2 2 89 98 79 79 83 1 2 1 1 1 2 91 97 76 76 76 76 76 76 76 99 90 2 1 2 81 77 77 77 77 77 79 79 79 79 
76 76 76 76 76 79 79 79 79 96 88 111 109 108 105 112 2 2 9 14 3 13 4 10 1 81 77 76 76 76 76 76 96 82 98 96 88 2 1 1 2 1 89 82 82 98 79 79 79 96 88 115 114 2 9 6 8 91 80 80 97 76 76 99 80 90 2 9 8 2 91 97 77 77 77 77 79 79 79 79 
76 76 76 76 76 76 79 79 79 79 83 1 2 113 112 110 2 1 7 3 13 10 2 89 82 98 77 76 76 76 76 76 76 76 76 76 96 82 82 82 82 82 98 76 76 76 76 78 78 78 83 113 112 2 11 12 15 6 8 1 91 80 80 90 1 9 6 14 15 8 1 81 77 77 77 77 79 79 79 79 
76 76 76 76 76 76 76 79 79 79 96 82 88 111 110 2 2 1 11 4 10 2 2 81 77 77 77 76 76 76 76 76 76 76 76 76 76 76 76 76 76 76 76 76 76 76 76 78 78 78 96 82 88 2 1 11 12 3 15 8 2 2 2 2 9 14 3 3 13 10 2 81 77 77 77 77 79 79 79 79 
76 76 76 76 76 76 76 76 79 79 79 79 96 88 1 2 1 2 2 2 2 1 1 81 77 77 76 76 76 76 78 78 76 76 76 76 76 76 76 76 76 76 76 76 76 76 76 78 78 78 78 78 96 82 88 1 11 4 4 10 1 9 8 1 11 4 12 13 10 2 2 81 77 77 77 77 79 79 79 79 
76 76 76 76 76 76 76 76 76 79 79 79 79 96 88 1 2 2 2 2 2 89 82 98 77 77 76 76 76 76 78 78 78 76 76 76 76 76 76 76 76 76 76 76 76 76 76 78 78 78 78 78 78 78 96 82 82 82 88 2 2 11 10 9 8 2 11 10 2 1 89 98 77 77 77 77 77 79 79 79 
76 76 76 76 76 76 76 76 76 79 79 79 79 79 96 88 2 2 2 1 89 98 77 77 77 76 76 76 76 76 78 78 78 78 76 76 76 76 76 76 76 76 76 78 78 78 76 78 78 78 78 78 78 78 78 78 78 78 96 82 82 82 88 11 10 1 89 82 82 82 98 78 77 77 77 77 77 79 79 79 
76 76 76 76 76 76 76 76 76 76 76 79 79 79 79 83 2 1 2 89 98 77 77 77 76 76 76 76 76 78 78 78 78 78 78 78 76 76 76 76 78 78 78 78 78 78 78 78 78 78 78 78 78 78 78 78 78 78 78 78 78 78 96 82 82 82 98 78 78 78 78 78 78 77 77 77 77 79 79 79 
76 76 76 76 76 76 76 76 76 76 76 79 79 79 79 83 2 1 2 81 77 77 77 76 76 76 76 76 78 78 78 78 78 78 78 78 78 78 78 78 78 78 78 78 78 78 78 78 78 78 78 78 78 78 78 78 78 78 78 78 78 78 78 78 78 78 78 78 78 78 78 78 78 77 77 77 77 79 79 79 
76 76 76 76 76 76 76 76 76 76 76 79 79 79 79 83 2 2 2 81 77 77 76 76 76 76 76 78 78 78 78 78 78 78 78 78 78 78 78 78 78 78 78 78 78 78 78 78 78 78 78 78 78 78 78 78 78 78 78 78 78 78 78 78 78 78 78 78 78 78 78 78 78 78 78 77 77 79 79 79 
76 76 76 76 76 76 76 76 76 76 76 76 76 79 79 83 2 1 2 81 77 77 76 76 76 76 76 78 78 78 78 78 78 78 78 78 78 78 78 78 78 78 78 78 78 78 78 78 78 78 78 78 78 78 78 78 78 78 78 78 78 78 78 78 78 78 78 78 78 78 78 78 78 78 78 78 78 79 79 79 
76 76 76 76 76 76 76 76 76 76 76 76 76 79 79 96 88 2 2 91 97 77 77 76 76 76 78 78 78 78 78 78 78 78 78 78 78 78 78 78 78 78 78 78 78 78 78 78 78 78 78 78 78 78 78 78 78 78 78 78 78 78 78 78 78 78 78 78 78 78 78 78 78 78 78 78 78 78 79 79 
76 76 76 76 76 76 76 76 76 76 76 76 76 79 79 79 83 2 2 2 81 77 77 76 78 78 78 78 78 78 78 78 78 78 78 78 78 78 78 78 78 78 78 78 78 78 78 78 78 78 78 78 78 78 78 78 78 78 78 78 78 78 78 78 78 78 78 78 78 78 78 78 78 78 78 78 78 78 78 79 

[COLLISION]
0 0 0 0 0 0 0 0 0 0 0 0 0 5 0 0 0 3 0 0 0 0 0 0 0 0 0 0 0 0 0 0 0 0 0 0 0 0 0 0 0 0 0 0 0 0 0 0 0 0 0 0 0 0 0 0 0 0 0 0 0 0 0 0 0 0 0 0 0 0 0 0 0 0 0 0 0 0 0 0 
0 0 0 0 0 0 0 0 0 0 0 0 6 13 0 0 0 12 2 7 0 0 0 0 0 0 0 0 0 0 0 0 0 0 0 0 0 0 0 0 0 0 0 0 0 0 0 0 0 0 0 0 0 0 0 0 0 0 0 0 0 0 0 0 0 0 0 0 0 0 0 0 0 0 0 0 0 0 0 0 
0 0 0 0 0 0 0 0 0 0 0 6 13 0 0 0 0 0 0 12 7 0 0 0 0 0 0 0 0 0 0 0 0 0 0 0 0 0 0 0 0 0 0 0 0 0 0 0 0 0 0 0 0 0 0 0 0 0 0 0 0 0 0 0 0 0 0 0 0 0 0 0 0 0 0 0 0 0 0 0 
0 0 0 0 0 0 0 0 6 2 2 13 0 0 0 0 0 0 0 0 3 0 0 0 0 0 0 0 0 0 0 0 0 0 0 0 0 0 0 0 0 0 0 0 0 0 0 0 0 0 0 0 0 0 0 0 0 0 0 0 0 0 0 0 0 0 0 0 0 0 0 0 0 0 0 0 0 0 0 0 
0 0 0 0 0 0 0 6 13 0 0 0 0 0 0 0 0 0 0 10 9 0 0 0 0 0 0 0 0 0 0 0 0 6 2 2 2 7 0 0 0 0 0 0 0 0 0 0 0 0 0 0 0 0 0 0 0 0 0 0 0 0 0 0 0 0 0 0 0 0 0 0 0 0 0 0 0 0 0 0 
0 0 0 0 0 0 0 5 0 0 0 0 0 0 0 0 0 0 10 9 0 0 0 0 0 0 0 0 0 0 0 0 0 8 0 0 0 12 2 2 2 2 2 2 7 0 0 0 0 0 0 0 0 0 0 0 0 0 0 0 0 0 0 0 0 0 0 0 0 0 0 0 0 0 0 0 0 0 0 0 
0 0 0 0 0 0 6 13 0 0 0 0 0 0 0 0 0 0 3 0 0 0 0 0 0 0 0 0 0 0 1 1 0 0 8 0 0 0 0 0 0 0 0 0 12 7 0 0 0 0 0 0 0 0 0 0 0 0 0 0 0 0 0 0 0 0 0 0 0 0 0 0 0 0 0 0 0 0 0 0 
0 0 0 0 0 6 13 0 0 0 0 0 0 0 0 0 0 0 12 7 0 0 0 0 0 0 0 0 0 6 0 0 7 1 6 0 0 0 0 0 0 0 0 0 0 12 2 7 0 0 0 0 6 2 2 2 7 0 0 0 0 0 0 0 0 0 0 0 0 0 0 0 0 0 0 0 0 0 0 0 
0 0 0 0 6 13 0 0 0 0 0 0 0 0 0 0 0 0 0 12 7 0 0 6 2 2 7 1 6 0 0 0 0 0 0 0 0 0 0 0 0 0 0 0 0 0 0 12 2 2 2 2 13 0 0 0 12 2 2 7 0 0 0 0 0 0 0 0 0 0 0 0 0 0 0 0 0 0 0 0 
0 0 0 0 5 0 0 0 9 8 9 8 0 0 0 0 0 0 0 0 12 2 2 13 0 0 0 0 0 0 0 0 0 0 0 0 0 0 0 0 0 0 0 0 0 0 0 0 0 0 0 0 0 0 0 0 0 0 0 12 2 2 7 0 0 0 0 0 0 0 0 0 0 0 0 0 0 0 0 0 
0 0 0 0 5 0 0 0 7 0 0 0 8 0 0 0 0 0 0 0 0 0 0 0 0 0 0 0 0 0 0 0 0 0 0 0 0 0 0 0 0 0 0 0 0 0 0 0 0 0 0 0 0 0 0 0 0 0 0 0 0 0 12 2 7 0 0 0 0 0 0 0 0 0 0 0 0 0 0 0 
0 0 0 0 5 0 0 0 9 0 1 7 6 0 0 0 0 0 0 0 0 0 0 0 0 0 0 0 0 0 0 0 0 0 0 0 0 0 0 0 0 0 0 0 0 0 0 0 0 0 0 0 0 0 0 0 0 0 0 0 0 0 0 0 12 7 0 0 0 0 0 0 0 0 0 0 0 0 0 0 
0 0 0 0 8 11 0 0 7 0 1 0 0 0 0 0 0 0 0 0 0 0 0 0 0 0 0 0 0 0 0 0 0 0 0 0 0 0 0 0 0 0 0 0 0 0 0 0 0 0 0 0 0 0 0 0 0 0 0 0 0 0 0 0 0 12 2 2 2 2 7 0 0 0 0 0 0 0 0 0 
0 0 0 0 0 5 0 0 0 7 0 8 0 0 0 0 0 0 0 0 0 0 0 0 0 0 0 0 0 0 0 0 0 0 0 0 0 0 0 0 0 0 0 0 0 0 0 0 0 0 0 0 0 0 0 0 0 0 0 0 0 0 0 0 0 0 0 0 0 0 12 2 2 2 5 0 0 0 0 0 
0 0 0 0 0 5 0 0 0 0 7 6 0 0 0 0 0 0 0 0 0 0 0 0 0 10 4 4 4 4 4 4 4 4 4 4 11 0 0 0 0 0 0 0 0 0 0 0 0 0 0 0 0 0 0 0 0 0 0 0 0 0 0 0 0 0 0 0 0 0 0 0 0 0 7 1 0 0 0 0 
0 0 0 0 0 8 4 11 0 0 0 0 0 0 0 0 0 0 0 0 0 0 0 0 10 9 6 2 2 2 2 2 2 2 2 7 8 11 0 0 0 0 0 0 0 0 0 0 0 0 0 0 0 0 0 0 0 0 0 0 0 0 0 0 0 0 0 0 0 0 0 0 0 0 0 0 7 1 0 0 
0 0 0 0 0 0 0 8 4 11 0 0 0 0 0 0 0 0 0 0 0 0 10 4 9 6 13 0 0 0 0 0 0 0 0 12 7 8 4 11 0 0 0 0 0 0 0 0 0 0 0 0 0 0 0 0 0 0 0 0 0 0 0 0 0 0 0 0 0 0 0 0 0 0 0 0 0 0 7 1 
0 0 0 0 0 0 0 0 0 8 4 4 11 0 0 0 0 0 0 0 0 10 9 6 2 13 0 0 0 0 0 0 0 0 0 0 12 2 7 8 11 0 0 0 0 0 0 0 0 0 0 0 0 0 0 0 0 0 0 0 0 0 0 4 0 0 0 0 0 0 0 9 8 0 0 0 0 0 0 0 
0 0 0 0 0 0 0 0 0 0 0 0 8 11 0 0 0 0 0 0 0 3 6 13 0 0 0 0 0 0 0 0 0 0 0 0 0 0 12 7 5 0 0 0 0 0 0 0 0 0 0 0 0 0 0 0 0 0 0 0 0 0 9 0 8 0 0 0 0 0 0 1 0 8 4 0 0 0 0 0 
0 0 0 0 0 0 0 0 0 0 0 0 0 8 11 0 0 0 0 0 10 9 5 0 0 0 0 0 0 0 0 0 0 0 0 0 0 0 0 3 5 0 0 0 0 0 0 0 0 0 0 0 0 0 0 0 0 0 0 0 0 0 7 0 0 8 0 0 0 0 0 7 1 0 0 8 0 0 0 0 
0 0 0 0 0 0 0 0 0 0 0 0 0 0 5 0 0 0 0 0 3 6 13 0 0 0 0 0 0 0 0 0 0 0 0 0 0 0 0 3 5 0 0 0 0 0 0 0 0 0 0 0 0 0 0 0 0 0 0 0 0 0 0 7 1 0 8 0 0 0 0 0 0 7 1 6 0 0 0 0 
0 0 0 0 0 0 0 0 0 0 0 0 0 0 8 11 0 0 0 0 3 5 0 0 0 0 0 0 0 0 0 0 0 0 0 0 0 0 0 3 5 0 0 0 0 0 0 0 0 0 0 0 10 4 4 4 11 0 0 0 0 0 0 0 0 1 1 0 0 0 0 0 0 0 0 0 0 0 9 8 
0 0 0 0 0 0 0 0 0 0 0 0 0 0 0 5 0 0 0 0 3 5 0 0 0 0 0 0 0 0 0 0 0 0 0 0 0 0 0 3 5 0 0 0 0 0 0 0 0 0 10 4 9 0 0 0 8 4 11 0 0 0 0 0 0 7 6 0 0 0 0 0 0 0 0 0 0 9 0 0 
0 0 0 0 0 0 0 0 0 0 0 0 0 0 0 5 0 0 0 0 3 5 0 0 4 0 0 0 0 0 0 0 0 0 0 0 0 0 0 3 5 0 0 0 0 0 0 0 0 10 9 0 0 0 0 0 0 0 8 11 0 0 0 0 0 0 0 0 0 0 4 0 0 0 0 0 0 1 0 0 
0 0 0 0 0 0 0 0 0 0 0 0 0 0 0 8 11 0 0 0 3 8 4 9 1 0 0 0 0 0 0 0 0 0 0 0 0 0 0 3 5 0 0 0 0 0 0 10 4 9 0 0 0 0 0 0 0 0 0 8 11 0 0 0 0 0 0 0 4 9 1 0 0 0 0 4 9 0 0 0 
0 0 0 0 0 0 0 0 0 0 0 0 0 0 0 0 5 0 0 0 3 0 0 0 0 8 0 0 0 0 0 0 0 0 0 0 0 0 0 3 5 0 0 0 0 0 0 3 0 0 0 0 0 0 0 0 0 0 0 0 5 0 0 0 0 0 0 9 0 1 6 0 0 0 9 0 0 0 0 0 
0 0 0 0 0 0 0 0 0 0 0 0 0 0 0 0 5 0 0 0 12 7 0 0 0 1 4 9 8 0 0 0 0 0 0 0 0 0 10 9 5 0 0 0 0 0 0 3 0 0 0 0 0 0 0 0 0 0 0 0 8 11 0 0 0 0 0 7 6 0 0 0 0 0 1 0 0 0 0 0 
0 0 0 0 0 0 0 0 0 0 0 0 0 0 0 0 5 0 0 0 0 3 0 0 0 0 0 0 1 0 0 0 0 0 0 0 0 0 3 0 5 0 0 0 0 0 0 3 0 0 0 0 0 0 0 0 0 0 0 0 0 5 0 0 0 0 0 0 0 0 0 0 0 0 1 0 0 0 0 0 
0 0 0 0 0 0 0 0 0 0 0 0 0 0 0 6 13 0 0 0 0 12 7 0 0 0 0 0 1 0 0 0 0 0 0 0 0 0 3 6 13 0 0 0 0 0 0 3 0 0 0 0 0 0 0 0 0 0 0 0 0 5 0 0 0 0 0 0 0 0 0 0 0 9 0 0 0 0 0 0 
0 0 0 0 0 0 0 0 0 0 0 0 0 0 0 5 0 0 0 0 0 0 3 0 0 0 0 0 6 0 0 0 0 0 0 0 10 4 9 5 0 0 0 0 0 0 0 3 0 0 0 0 0 0 0 0 0 0 0 0 0 5 0 0 0 0 0 0 0 0 0 0 9 0 0 0 0 0 0 0 
0 0 0 0 0 0 0 0 0 0 0 0 0 0 0 8 11 0 0 0 0 0 3 0 0 0 0 0 8 4 4 0 0 4 4 4 9 0 0 5 0 0 0 0 0 0 0 3 0 0 0 0 0 0 0 0 0 0 0 0 0 5 0 0 0 0 0 0 0 0 0 0 1 0 0 0 0 0 0 0 
0 0 0 0 0 0 0 0 0 0 0 0 0 0 0 0 8 11 0 0 0 0 12 2 7 0 0 0 0 0 1 0 0 1 0 0 0 0 6 13 0 0 0 0 0 0 0 12 7 0 0 0 0 0 0 0 0 0 0 6 2 13 0 0 0 0 0 0 0 0 0 9 0 0 0 0 0 0 0 0 
0 0 0 0 0 0 0 0 0 0 0 0 0 0 0 0 0 8 4 4 11 0 0 0 12 2 7 0 0 0 1 0 0 1 0 0 0 6 13 0 0 0 0 0 0 0 0 0 12 2 7 0 0 0 0 0 0 6 2 13 0 0 0 0 0 0 0 0 0 0 0 7 0 0 0 0 0 0 0 0 
0 0 0 0 0 0 0 0 0 0 0 0 0 0 0 0 0 0 0 0 8 11 0 0 0 0 12 2 2 2 2 0 0 2 2 2 2 13 0 0 0 0 0 0 0 0 0 0 0 0 12 7 0 0 0 0 6 13 0 0 0 0 0 0 0 0 0 10 4 4 4 9 0 0 0 0 0 0 0 0 
0 0 0 0 0 0 0 0 0 0 0 0 0 0 0 0 0 0 0 0 0 8 11 0 0 0 0 0 0 0 0 0 0 0 0 0 0 0 0 0 0 0 0 0 0 0 0 0 0 0 0 12 2 2 2 2 13 0 0 0 0 0 0 0 0 10 4 9 0 0 0 0 0 0 0 0 0 0 0 0 
0 0 0 0 0 0 0 0 0 0 0 0 0 0 0 0 0 0 0 0 0 0 8 11 0 0 0 0 0 0 0 0 0 0 0 0 0 0 0 0 0 0 0 0 0 0 0 0 0 0 0 0 0 0 0 0 0 0 0 0 0 0 0 0 10 9 0 0 0 0 0 0 0 0 0 0 0 0 0 0 
0 0 0 0 0 0 0 0 0 0 0 0 0 0 0 0 0 0 0 0 0 0 0 5 0 0 0 0 0 0 0 0 0 0 0 0 0 0 0 0 0 0 0 0 0 0 0 0 0 0 0 0 0 0 0 0 0 0 0 0 0 0 0 0 3 0 0 0 0 0 0 0 0 0 0 0 0 0 0 0 
0 0 0 0 0 0 0 0 0 0 0 0 0 0 0 0 0 0 0 0 0 0 0 8 11 0 0 0 0 0 0 0 0 0 0 0 0 0 0 0 0 0 0 0 0 0 0 0 0 4 0 0 0 0 0 0 0 0 0 0 0 0 0 10 9 0 0 0 0 0 0 0 0 0 0 0 0 0 0 0 
0 0 0 0 0 0 0 0 0 0 0 0 0 0 0 0 0 0 0 0 0 0 0 6 13 0 0 0 0 0 0 0 0 0 0 0 0 0 0 0 0 0 0 0 0 0 0 0 9 0 8 4 4 4 4 4 11 0 0 0 0 0 0 3 0 0 0 0 0 0 0 0 0 0 0 0 0 0 0 0 
0 0 0 0 0 0 0 0 0 0 0 0 0 0 0 0 0 0 0 0 0 0 6 13 0 0 0 0 0 0 0 0 0 0 0 0 0 0 0 0 0 0 0 0 0 0 0 0 7 0 0 0 0 0 0 0 5 0 0 0 0 0 0 12 7 0 0 0 0 0 0 0 0 0 0 0 0 0 0 0 
0 0 0 0 0 0 0 0 0 0 0 0 0 0 0 0 0 0 0 0 0 0 5 0 0 0 0 0 0 0 0 0 0 0 0 0 0 0 0 0 0 0 0 0 0 0 0 10 9 0 0 0 0 0 0 0 5 0 0 0 0 4 0 0 3 0 0 0 0 0 0 0 0 0 0 0 0 0 0 0 
0 0 0 0 0 0 0 0 0 0 0 0 0 0 0 0 0 0 0 0 0 6 13 0 0 0 0 0 0 0 0 0 0 0 0 0 0 0 0 0 0 0 0 0 0 0 10 9 0 0 0 0 0 0 0 0 8 4 9 8 9 0 8 0 3 0 0 0 0 0 0 0 0 0 0 0 0 0 0 0 
0 0 0 0 0 0 0 0 0 0 0 0 0 0 0 0 0 0 0 0 0 5 0 0 0 0 0 0 0 0 0 0 0 0 0 0 0 0 0 0 0 0 0 0 0 10 9 0 0 0 0 0 0 0 0 0 0 0 0 0 0 0 3 4 9 0 0 0 0 0 0 0 0 0 0 0 0 0 0 0 
0 0 0 0 0 0 0 0 0 0 0 0 0 0 0 0 0 0 0 0 0 5 0 0 0 0 0 0 0 0 0 0 0 0 0 0 0 0 0 0 0 0 0 0 0 3 0 0 0 0 0 0 0 0 0 0 0 0 0 0 0 0 0 0 0 0 0 0 0 0 0 0 0 0 0 0 0 0 0 0 
0 0 0 0 0 0 0 0 0 0 0 0 0 0 0 0 0 0 0 0 0 5 0 0 0 0 0 0 0 0 0 0 0 0 0 0 0 0 0 0 0 0 0 0 0 12 7 0 0 0 0 0 0 0 0 0 0 0 0 0 0 0 0 0 0 0 0 0 0 0 0 0 0 0 0 0 0 0 0 0 
0 0 0 0 0 0 0 0 0 0 0 0 0 0 0 0 0 0 0 6 2 13 0 0 0 0 0 0 0 0 0 0 0 0 10 4 4 4 4 11 0 0 0 0 0 0 3 0 0 0 0 0 0 0 0 0 0 0 0 0 0 0 0 0 0 0 0 0 0 0 0 0 0 0 0 0 0 0 0 0 
0 0 0 0 0 0 0 0 0 0 0 0 0 0 0 0 0 6 2 13 0 0 0 0 0 0 0 0 0 0 0 0 10 4 9 0 0 0 0 8 11 0 0 0 0 0 12 7 0 0 0 0 0 0 0 0 0 0 0 0 0 0 0 0 0 0 0 6 2 2 2 2 7 0 0 0 0 0 0 0 
0 0 0 0 0 0 0 0 0 0 0 0 0 0 6 2 2 13 0 0 0 0 0 0 0 0 0 0 0 0 10 4 9 0 0 0 0 0 0 0 5 0 0 0 0 0 0 3 0 0 0 0 0 0 0 0 0 0 0 0 0 0 0 0 0 6 2 13 0 0 0 0 12 7 0 0 0 0 0 0 
0 0 0 0 0 0 0 0 0 0 0 6 2 2 13 0 0 0 0 0 0 0 0 0 0 0 0 0 0 10 9 0 0 0 0 0 0 0 0 0 8 11 0 0 0 0 0 12 7 0 0 0 0 0 0 0 0 0 0 0 0 0 0 0 0 5 0 0 0 0 0 0 0 3 0 0 0 0 0 0 
0 0 0 0 0 0 0 0 0 0 6 13 0 0 0 0 0 0 0 0 0 0 0 0 0 0 0 0 10 9 0 0 0 0 0 0 0 0 0 0 0 8 11 0 0 0 0 0 12 2 2 2 2 5 0 0 0 0 0 0 0 0 0 0 0 8 4 11 0 0 0 0 0 12 2 7 0 0 0 0 
0 0 0 0 0 0 0 0 0 6 13 0 0 0 0 0 0 0 0 0 0 0 0 0 0 0 0 10 9 0 0 0 6 2 2 2 2 7 0 0 0 0 8 11 0 0 0 0 0 0 0 0 0 7 1 0 0 0 0 0 0 0 0 0 0 0 0 8 4 11 0 0 0 0 0 3 0 0 0 0 
0 0 0 0 0 0 0 0 0 5 0 0 0 0 0 0 0 0 0 0 0 0 0 0 0 0 0 3 0 0 0 0 5 0 0 0 0 12 2 7 0 0 0 5 0 0 0 0 0 0 0 0 0 0 0 7 6 7 0 0 0 0 0 0 0 0 0 0 0 8 11 0 0 10 4 9 0 0 0 0 
0 0 0 0 0 0 0 0 0 5 0 0 0 0 0 0 0 0 0 0 0 0 0 0 0 0 10 9 0 0 0 0 5 0 0 0 0 0 0 12 2 7 0 8 4 11 0 0 0 0 0 0 0 0 0 0 0 3 0 0 0 0 0 0 0 0 0 0 0 0 5 0 0 3 0 0 0 0 0 0 
0 0 0 0 0 0 0 0 0 5 0 0 0 0 0 0 0 0 0 0 0 0 0 0 0 0 3 0 0 0 0 0 2 8 0 0 0 0 0 0 0 12 7 0 0 8 11 0 0 0 0 0 0 0 0 0 10 9 0 0 0 0 0 0 0 0 0 0 0 0 5 0 0 3 0 0 0 0 0 0 
0 0 0 0 0 0 0 0 0 5 0 0 0 0 0 0 0 0 0 0 0 0 0 0 0 0 3 0 0 0 0 0 0 1 0 0 0 0 0 0 0 0 12 2 7 0 8 11 0 0 0 0 0 0 0 0 3 0 0 0 0 0 0 0 0 0 0 0 0 0 5 0 0 3 0 0 0 0 0 0 
0 0 0 0 0 0 0 0 0 5 0 0 0 0 0 0 0 0 0 0 0 0 0 0 0 0 3 0 0 0 0 0 0 0 8 0 10 4 11 0 0 0 0 0 12 7 0 8 4 11 0 0 0 0 0 0 12 2 2 7 0 0 0 0 0 0 0 0 0 0 5 0 0 3 0 0 0 0 0 0 
0 0 0 0 0 0 0 0 0 8 11 0 0 0 0 0 0 0 0 0 0 0 0 0 10 4 9 0 0 0 0 0 0 0 3 4 9 0 8 4 11 0 0 0 0 12 7 0 0 8 11 0 0 0 0 0 0 0 0 12 2 7 0 0 0 0 0 0 0 6 13 0 0 12 7 0 0 0 0 0 
0 0 0 0 0 0 0 0 0 0 5 0 0 0 0 0 0 0 0 0 0 0 0 0 3 0 0 0 0 0 0 0 0 0 0 0 0 0 0 0 8 11 0 0 0 0 3 0 0 0 8 4 4 11 0 0 0 0 0 0 0 3 0 0 0 0 0 0 0 5 0 0 0 0 12 2 2 7 0 0 
0 0 0 0 0 0 0 0 0 0 8 11 0 0 0 0 0 0 0 0 0 0 0 10 9 0 0 0 0 0 0 0 0 0 0 0 0 0 0 0 0 8 11 0 0 0 3 0 0 0 0 0 0 8 11 0 0 0 0 0 0 3 0 0 0 0 0 0 0 5 0 0 0 0 0 0 0 12 2 2 
0 0 0 0 0 0 0 0 0 0 0 8 4 4 11 0 0 0 0 0 0 0 10 9 0 0 0 0 0 0 0 0 0 0 0 0 0 0 0 0 0 0 8 11 0 0 12 7 0 0 0 0 0 0 5 0 0 0 0 10 4 9 0 0 0 0 0 0 0 5 0 0 0 10 11 0 0 0 0 0 
0 0 0 0 0 0 0 0 0 0 0 0 0 0 5 0 0 0 0 0 0 0 12 7 0 0 0 0 0 0 0 0 0 0 0 0 0 6 2 2 2 2 2 13 0 0 0 3 0 0 0 0 0 6 13 0 0 0 10 9 0 0 0 0 0 0 0 0 6 13 0 0 0 3 8 11 0 0 0 0 
0 0 0 0 0 0 0 0 0 0 0 0 0 0 5 0 0 0 0 0 0 0 0 12 7 0 0 0 0 0 0 0 0 0 0 6 2 13 0 0 0 0 0 0 0 0 0 3 0 0 0 0 6 13 0 0 0 10 9 0 0 0 0 0 0 0 0 6 13 0 0 0 10 9 0 8 4 11 0 0 
0 0 0 0 0 0 0 0 0 0 6 2 2 6 13 0 0 0 0 0 0 0 0 0 3 0 0 0 0 0 0 0 0 6 2 13 0 0 0 0 0 0 0 0 0 0 0 3 0 0 6 2 13 0 0 0 10 9 0 0 0 0 0 0 6 2 2 13 0 0 0 10 9 0 0 0 0 8 4 4 
0 0 0 0 0 0 0 0 0 0 5 0 9 8 0 0 0 0 0 0 0 0 0 0 12 7 0 0 0 0 0 0 0 5 0 0 0 0 0 0 0 0 0 0 0 0 0 3 0 0 5 0 0 0 0 0 3 0 0 0 0 0 0 0 5 0 0 0 0 0 0 3 0 0 0 0 0 0 0 0 
0 0 0 0 0 0 0 0 0 6 13 0 1 1 0 0 0 0 0 0 0 0 0 0 0 3 1 1 1 1 1 1 6 13 0 0 0 0 0 0 0 0 0 0 0 0 10 9 0 6 13 0 0 0 0 10 9 0 0 0 0 0 0 0 8 11 0 0 0 0 0 3 0 0 0 0 0 0 0 0 
0 0 0 0 0 0 0 0 0 5 0 0 1 0 8 0 0 0 0 0 0 0 0 0 0 0 0 0 0 0 0 0 0 0 0 0 0 0 0 0 0 0 0 0 0 0 3 0 0 5 0 0 0 0 0 3 0 0 0 0 0 0 0 0 0 8 11 0 0 0 10 9 0 0 0 0 0 0 0 0 
0 0 0 0 0 0 0 0 0 5 0 9 0 0 1 0 0 0 0 0 0 0 0 0 0 0 0 0 0 0 0 0 0 0 0 0 0 0 0 0 0 0 0 0 0 0 3 0 0 5 0 0 0 0 0 12 7 0 0 0 0 0 0 0 0 0 5 0 0 0 3 0 0 0 0 0 0 0 0 0 
0 0 0 0 0 0 0 0 0 5 0 7 1 0 0 8 0 0 0 0 0 0 0 0 0 0 0 0 0 0 0 0 0 0 10 11 0 0 0 0 0 0 0 0 0 10 9 0 0 5 0 0 0 0 0 0 12 7 0 0 0 0 0 0 0 6 13 0 0 0 3 0 0 0 0 0 0 0 0 0 
0 0 0 0 0 0 0 0 0 8 11 0 0 1 0 6 0 0 0 0 0 0 0 0 0 3 1 1 1 1 1 1 8 4 9 8 11 0 0 0 0 0 10 4 4 9 0 0 0 8 11 0 0 0 0 0 0 12 2 2 7 0 0 6 2 13 0 0 0 0 12 7 0 0 0 0 0 0 0 0 
0 0 0 0 0 0 0 0 0 0 5 0 0 7 6 0 0 0 0 0 0 0 0 10 4 9 0 0 0 0 0 0 0 0 0 0 8 4 4 4 4 4 9 0 0 0 0 0 0 0 5 0 0 0 0 0 0 0 0 0 12 2 2 13 0 0 0 0 0 0 0 3 0 0 0 0 0 0 0 0 
0 0 0 0 0 0 0 0 0 0 8 4 11 0 0 0 0 0 0 0 0 0 0 3 0 0 0 0 0 0 0 0 0 0 0 0 0 0 0 0 0 0 0 0 0 0 0 0 0 0 8 4 11 0 0 0 0 0 0 0 0 0 0 0 0 0 0 0 0 0 0 3 0 0 0 0 0 0 0 0 
0 0 0 0 0 0 0 0 0 0 0 0 8 11 0 0 0 0 0 0 0 0 0 3 0 0 0 0 0 0 0 0 0 0 0 0 0 0 0 0 0 0 0 0 0 0 0 0 0 0 0 0 8 4 11 0 0 0 0 0 0 0 0 0 0 0 0 0 0 0 0 3 0 0 0 0 0 0 0 0 
0 0 0 0 0 0 0 0 0 0 0 0 0 8 11 0 0 0 0 0 0 10 4 9 0 0 0 0 0 0 0 0 0 0 0 0 0 0 0 0 0 0 0 0 0 0 0 0 0 0 0 0 0 0 8 4 4 4 11 0 0 0 0 0 0 0 0 0 0 0 10 9 0 0 0 0 0 0 0 0 
0 0 0 0 0 0 0 0 0 0 0 0 0 0 8 11 0 0 0 0 10 9 0 0 0 0 0 0 0 0 0 0 0 0 0 0 0 0 0 0 0 0 0 0 0 0 0 0 0 0 0 0 0 0 0 0 0 0 8 4 4 4 11 0 0 0 10 4 4 4 9 0 0 0 0 0 0 0 0 0 
0 0 0 0 0 0 0 0 0 0 0 0 0 0 0 5 0 0 0 10 9 0 0 0 0 0 0 0 0 0 0 0 0 0 0 0 0 0 0 0 0 0 0 0 0 0 0 0 0 0 0 0 0 0 0 0 0 0 0 0 0 0 8 4 4 4 9 0 0 0 0 0 0 0 0 0 0 0 0 0 
0 0 0 0 0 0 0 0 0 0 0 0 0 0 0 5 0 0 0 3 0 0 0 0 0 0 0 0 0 0 0 0 0 0 0 0 0 0 0 0 0 0 0 0 0 0 0 0 0 0 0 0 0 0 0 0 0 0 0 0 0 0 0 0 0 0 0 0 0 0 0 0 0 0 0 0 0 0 0 0 
0 0 0 0 0 0 0 0 0 0 0 0 0 0 0 5 0 0 0 3 0 0 0 0 0 0 0 0 0 0 0 0 0 0 0 0 0 0 0 0 0 0 0 0 0 0 0 0 0 0 0 0 0 0 0 0 0 0 0 0 0 0 0 0 0 0 0 0 0 0 0 0 0 0 0 0 0 0 0 0 
0 0 0 0 0 0 0 0 0 0 0 0 0 0 0 5 0 0 0 3 0 0 0 0 0 0 0 0 0 0 0 0 0 0 0 0 0 0 0 0 0 0 0 0 0 0 0 0 0 0 0 0 0 0 0 0 0 0 0 0 0 0 0 0 0 0 0 0 0 0 0 0 0 0 0 0 0 0 0 0 
0 0 0 0 0 0 0 0 0 0 0 0 0 0 0 8 11 0 0 12 7 0 0 0 0 0 0 0 0 0 0 0 0 0 0 0 0 0 0 0 0 0 0 0 0 0 0 0 0 0 0 0 0 0 0 0 0 0 0 0 0 0 0 0 0 0 0 0 0 0 0 0 0 0 0 0 0 0 0 0 
0 0 0 0 0 0 0 0 0 0 0 0 0 0 0 0 5 0 0 0 3 0 0 0 0 0 0 0 0 0 0 0 0 0 0 0 0 0 0 0 0 0 0 0 0 0 0 0 0 0 0 0 0 0 0 0 0 0 0 0 0 0 0 0 0 0 0 0 0 0 0 0 0 0 0 0 0 0 0 0 
