[TILESET]
TileSheet

[TERRAIN]
105 107 2 2 113 105 107 2 2 2 1 2 2 2 108 105 105 105 105 105 105 105 105 105 105 105 105 105 105 105 105 105 105 105 105 105 105 105 105 105 105 105 105 105 105 105 105 105 105 105 105 105 105 105 105 105 105 105 105 105 105 105 105 105 105 105 105 105 105 105 105 105 105 105 105 105 105 105 105 105 
104 112 1 2 115 105 112 2 2 1 1 2 2 106 108 105 105 105 105 105 105 105 105 105 105 105 105 105 105 105 105 105 105 105 105 105 105 105 105 105 105 105 105 105 105 105 105 105 105 105 105 105 105 104 104 105 105 105 105 105 105 105 105 105 105 105 105 105 105 104 104 105 105 105 104 105 105 105 105 105 
109 110 1 2 113 112 2 2 2 1 2 106 115 105 105 105 105 105 105 105 104 105 105 105 105 105 105 105 105 105 105 105 105 105 105 105 105 105 105 105 105 105 105 105 105 105 105 105 105 104 104 104 112 109 109 113 104 105 105 105 105 105 105 105 105 105 105 105 107 109 109 113 104 112 109 113 105 105 105 105 
106 106 2 2 111 110 2 106 106 106 115 105 105 105 105 105 105 105 104 112 109 108 105 105 105 105 105 105 105 105 105 105 112 113 105 105 105 105 105 105 105 105 105 105 105 105 105 105 107 109 109 109 110 2 2 111 109 113 104 105 105 105 105 105 105 105 105 105 105 114 2 111 109 110 2 111 113 105 105 105 
105 105 114 106 106 106 115 105 105 105 105 105 105 105 105 105 104 112 109 110 1 108 105 105 105 105 105 105 112 113 105 107 110 111 113 105 105 105 105 105 105 105 105 105 105 105 105 105 107 106 2 2 2 2 1 1 1 2 109 113 104 105 105 105 105 105 105 105 105 112 2 2 2 2 2 2 111 108 105 105 
105 105 105 105 105 105 105 105 105 105 105 105 105 105 105 107 109 110 106 106 115 105 105 105 105 105 105 107 110 2 113 112 2 2 111 108 105 105 105 105 105 105 105 105 105 105 105 105 105 105 114 106 106 106 2 2 1 1 2 111 109 113 105 105 105 105 105 104 112 110 2 1 1 1 2 2 2 108 105 105 
105 105 105 105 105 105 105 105 105 105 105 105 105 105 105 105 114 115 105 105 105 105 105 105 105 105 105 107 2 1 111 110 1 1 115 105 105 105 105 105 105 105 105 105 105 105 105 105 105 105 105 105 105 105 114 2 2 1 1 2 2 111 113 105 105 105 107 109 110 2 1 1 2 2 2 2 2 108 105 105 
105 105 105 105 105 105 105 105 105 105 105 105 105 105 105 105 105 105 105 105 105 105 105 105 105 105 105 105 114 2 2 2 1 2 113 105 105 105 105 105 105 105 105 105 105 105 105 105 105 105 105 105 105 105 105 114 2 2 2 1 2 2 111 113 104 104 112 2 1 2 2 106 106 106 2 2 2 108 105 105 
105 105 105 105 105 105 105 105 105 104 105 105 105 105 105 105 105 105 105 105 105 105 105 105 105 105 105 105 107 115 114 2 1 1 111 113 104 104 104 104 104 104 105 105 105 105 105 105 105 105 105 105 105 105 105 105 114 2 2 2 2 2 2 111 109 109 110 1 1 2 115 105 105 105 114 2 2 108 105 105 
105 105 105 105 105 105 104 104 112 109 113 105 105 105 105 105 105 105 105 105 105 105 105 105 104 104 104 104 104 104 112 2 2 2 2 111 109 109 109 109 109 109 113 104 104 105 105 105 105 105 105 105 105 105 105 105 107 106 106 106 115 114 2 2 2 2 2 2 2 106 108 105 105 105 107 106 106 108 105 105 
105 105 105 105 105 107 109 109 110 2 115 105 105 105 105 105 105 105 107 113 105 105 104 112 109 109 109 109 109 109 110 89 82 82 82 82 82 82 82 82 82 88 111 109 109 113 105 105 105 105 105 105 105 105 105 105 105 105 105 105 105 112 2 2 2 2 115 114 115 105 105 105 105 105 105 105 105 105 105 105 
105 105 105 105 104 112 2 1 1 115 105 105 105 105 105 105 107 113 112 111 113 112 109 110 89 82 82 82 82 82 82 98 78 78 78 78 78 78 78 78 78 96 82 82 88 111 113 104 105 105 105 105 105 105 105 105 105 105 105 105 107 110 2 2 2 115 105 105 105 105 105 105 105 105 105 105 105 105 105 105 
105 105 105 112 109 110 2 1 2 108 105 105 105 105 105 105 107 111 110 1 111 110 89 82 98 78 78 78 78 78 78 78 78 78 78 78 78 78 78 78 78 78 78 78 96 88 111 109 113 105 105 105 105 105 105 105 105 105 105 105 112 2 2 1 2 108 105 105 105 105 105 105 105 105 105 105 105 105 105 105 
105 105 107 110 2 1 2 2 115 105 105 105 105 105 105 105 107 2 1 2 89 82 98 78 78 78 78 76 78 78 78 78 77 99 74 74 74 74 74 74 97 78 78 78 78 96 82 88 111 113 104 104 105 105 105 105 105 105 105 107 110 2 1 1 2 113 104 105 105 105 105 105 105 105 105 105 105 105 105 105 
105 105 107 2 2 2 2 115 105 105 105 105 105 105 105 105 112 2 89 82 98 78 78 77 77 99 74 97 79 78 78 78 77 83 115 114 106 106 115 114 91 74 97 79 78 78 78 96 82 88 109 109 113 104 105 105 105 105 105 107 106 2 2 2 2 111 109 113 104 105 105 105 105 105 105 105 105 105 105 105 
105 105 112 2 1 2 115 105 105 105 105 105 105 105 105 112 110 89 98 78 78 77 77 99 74 90 106 91 74 97 78 77 99 90 113 104 104 105 105 112 2 2 91 74 97 78 78 78 78 96 82 88 111 109 113 105 105 105 105 105 105 114 106 2 2 2 2 111 109 113 104 104 105 105 105 105 105 105 105 105 
105 112 110 2 2 106 108 105 105 105 104 105 105 105 112 110 89 98 78 77 77 77 99 90 106 115 105 114 2 75 79 77 83 2 111 109 109 113 112 110 2 2 2 2 91 97 78 78 78 78 78 96 82 88 111 113 105 105 105 105 105 105 105 114 106 2 2 2 2 111 109 109 113 105 105 105 105 105 105 105 
107 110 2 106 115 105 105 105 105 107 109 113 105 112 110 89 98 77 77 77 99 74 90 2 113 104 104 112 2 75 79 99 90 2 2 1 2 111 110 2 2 1 1 2 2 91 74 74 97 78 78 78 78 96 88 111 113 105 105 105 105 105 105 105 105 114 106 2 2 2 2 2 111 113 104 105 105 105 105 105 
105 114 115 105 105 105 105 105 105 112 2 115 112 110 89 98 78 77 77 77 73 2 2 1 111 109 109 110 1 91 80 90 2 2 1 2 1 2 1 2 2 2 2 2 1 2 2 2 91 74 97 78 78 78 96 88 111 113 104 105 105 105 105 105 105 105 105 114 2 2 2 2 2 111 109 108 105 105 105 105 
105 105 105 105 105 105 105 105 107 110 115 107 110 89 98 78 77 77 77 99 90 2 2 1 1 2 1 2 1 1 2 2 1 2 2 2 1 2 2 2 2 1 2 2 1 2 1 1 1 2 91 97 78 78 78 96 88 111 109 113 105 105 105 105 105 105 105 105 114 2 1 2 2 2 115 105 105 105 105 105 
105 105 105 105 105 105 105 105 112 2 108 112 89 98 78 78 77 77 99 90 1 1 2 2 1 89 82 88 2 1 2 2 2 2 2 89 72 72 72 88 2 2 1 2 2 2 2 1 1 1 2 91 97 78 78 78 96 82 88 111 108 105 105 105 105 105 105 105 112 2 1 2 2 2 108 105 105 105 105 105 
105 105 105 105 105 105 105 105 114 115 107 110 81 78 77 78 77 99 90 2 2 2 1 2 2 81 77 96 82 82 82 88 89 82 82 98 78 78 78 96 82 88 2 2 2 1 1 2 2 2 1 2 75 78 78 78 78 78 96 88 113 104 105 105 105 105 105 107 110 2 1 2 2 115 105 105 105 105 105 105 
105 105 105 105 105 105 105 105 105 105 112 89 98 77 77 77 99 90 1 2 2 1 1 2 2 81 77 78 78 78 79 96 98 77 78 78 78 78 78 78 78 96 82 88 2 2 2 1 2 2 1 2 75 78 78 78 78 78 78 83 111 109 113 105 105 105 105 112 2 1 1 2 2 108 105 105 105 105 105 105 
105 105 105 105 105 105 105 105 105 107 110 81 78 78 77 99 90 2 2 2 2 2 2 2 2 81 77 77 77 78 78 78 78 78 78 78 78 78 78 78 78 78 78 96 88 2 2 2 2 1 1 2 75 78 78 78 78 78 78 96 82 88 111 113 104 104 112 110 2 1 2 2 2 108 105 105 105 105 105 105 
105 105 105 105 105 105 105 105 105 107 89 98 78 77 77 73 2 2 2 89 82 82 82 88 2 91 97 77 77 77 78 78 78 78 78 78 99 80 80 80 97 78 78 78 96 88 2 2 1 1 2 89 98 78 78 78 78 78 78 78 78 96 88 111 109 109 110 2 1 1 2 2 106 108 105 105 105 105 105 105 
105 105 105 105 105 105 105 105 105 112 81 78 77 77 77 73 1 2 89 98 78 78 78 83 1 2 91 97 77 77 77 78 78 99 80 80 90 1 1 2 81 77 77 78 79 96 88 2 1 2 2 75 78 78 78 78 78 78 78 78 78 78 96 82 88 2 2 2 115 105 114 115 105 105 105 105 105 105 105 105 
105 105 105 105 105 105 105 104 112 110 81 78 77 77 77 73 2 2 81 77 77 76 79 83 2 2 1 91 97 77 77 78 99 90 2 1 2 2 1 2 91 80 97 77 78 79 83 2 2 2 2 75 78 78 78 78 78 78 78 78 78 79 79 79 83 2 2 115 105 105 105 105 105 105 105 105 105 105 105 105 
105 104 104 105 105 105 112 109 110 2 81 78 77 77 99 90 2 2 91 97 76 76 79 83 2 1 2 89 98 77 78 78 83 2 1 2 89 82 82 88 2 1 81 77 78 79 96 88 2 1 1 91 97 78 78 99 74 74 74 97 79 79 79 79 96 88 2 108 105 105 105 105 105 105 105 105 105 105 105 105 
112 109 109 113 105 105 114 2 2 2 81 78 77 77 96 88 2 1 2 91 97 76 99 90 2 2 2 81 77 77 78 99 90 2 2 89 98 78 79 83 2 1 81 77 77 79 79 83 2 2 1 2 91 97 99 90 2 9 8 91 97 79 79 79 79 96 88 108 105 105 105 105 105 105 105 105 105 105 105 105 
2 1 1 2 108 105 107 2 2 2 81 78 77 77 76 96 88 2 2 2 91 74 90 2 2 89 82 98 77 76 99 90 2 1 89 98 76 76 79 83 2 1 81 77 77 78 79 96 88 2 1 1 2 91 90 2 2 11 10 2 91 97 79 79 79 79 83 113 105 105 105 105 105 105 105 105 105 105 105 105 
114 2 1 2 108 105 107 2 2 89 98 78 78 77 76 76 96 88 2 1 2 2 2 2 89 98 77 77 77 76 83 2 1 1 81 77 76 76 79 83 2 2 81 77 77 78 79 79 96 88 2 2 2 2 9 6 6 6 8 2 2 91 97 79 79 79 96 88 108 105 105 105 105 105 105 105 105 105 105 105 
112 2 2 2 108 105 107 2 2 81 78 78 78 78 78 76 76 96 88 2 2 1 2 89 98 77 77 77 76 76 83 2 1 2 81 77 76 76 99 90 2 89 98 77 77 78 78 79 79 96 88 2 2 2 11 4 12 3 15 8 2 2 75 79 79 79 79 83 113 105 105 105 105 105 105 105 105 105 105 105 
110 2 2 115 105 105 107 2 2 81 77 78 78 78 78 76 99 80 90 2 2 2 2 91 80 97 77 76 76 76 83 2 1 2 91 80 84 92 90 2 2 81 77 77 78 78 78 79 79 79 96 82 88 2 2 2 11 4 12 15 8 2 91 97 79 79 79 83 111 113 104 105 105 105 105 105 105 105 105 105 
114 106 115 105 105 105 105 114 2 81 77 78 78 78 99 80 90 2 1 1 1 1 2 2 2 91 80 97 76 76 96 88 1 2 2 2 2 2 2 1 2 81 77 77 78 78 78 78 78 79 79 79 96 88 2 2 2 2 7 3 5 9 8 91 97 79 79 96 88 111 109 108 105 105 105 105 105 105 105 105 
105 105 105 105 105 105 105 107 89 98 77 78 78 78 73 1 2 2 2 2 2 2 1 2 2 2 2 91 97 76 76 83 1 1 2 1 1 2 2 2 89 98 77 76 78 78 78 78 78 78 78 78 78 96 82 82 82 88 11 4 10 11 10 2 75 79 79 79 83 2 2 113 105 105 105 105 105 105 105 105 
105 105 105 105 105 105 105 107 81 77 77 78 78 76 73 2 2 89 82 82 88 2 2 2 1 1 1 2 91 80 80 90 2 2 1 1 2 1 2 2 81 77 77 78 78 78 78 78 78 78 78 78 78 78 78 78 78 96 88 2 2 2 2 2 91 97 79 79 83 2 2 111 108 105 105 105 105 105 105 105 
105 105 105 105 105 105 105 107 81 77 77 77 78 99 90 2 1 81 77 78 96 82 88 2 2 2 2 2 2 2 2 2 2 2 1 2 115 114 2 89 98 77 77 78 78 78 78 99 74 74 74 74 97 78 78 78 78 76 96 88 2 1 1 2 2 75 79 79 96 88 2 2 113 104 105 105 105 105 105 105 
105 105 105 105 105 105 105 112 81 77 77 77 78 73 1 2 2 91 97 77 78 78 96 82 82 82 82 82 88 2 1 2 2 1 1 115 105 112 89 98 77 77 77 99 74 74 74 90 2 9 6 8 91 74 97 78 78 79 76 83 2 2 1 1 2 75 79 79 79 83 2 1 111 109 108 105 105 105 105 105 
105 105 105 105 105 105 107 110 81 77 77 77 77 73 2 2 2 2 91 97 77 78 78 78 78 78 78 78 96 88 2 2 2 2 1 113 107 110 81 77 77 77 99 90 2 9 8 2 1 11 4 10 1 2 91 97 78 79 79 96 82 88 2 1 2 91 97 79 79 96 88 1 1 2 108 105 105 105 105 105 
105 105 105 105 105 105 107 89 98 77 77 77 77 96 88 1 1 2 2 81 77 77 99 74 74 74 97 78 78 96 88 2 1 2 2 115 112 89 98 77 77 99 90 2 1 11 10 89 82 82 82 88 2 1 2 91 97 76 79 79 79 96 88 2 2 2 75 79 79 79 83 2 2 2 113 105 105 105 105 105 
105 105 105 105 105 105 107 81 77 77 77 77 77 76 73 2 1 2 2 81 77 77 73 1 115 114 91 97 78 78 96 88 2 2 1 108 114 81 77 77 77 73 1 2 2 89 82 98 78 78 78 96 88 2 2 2 81 79 79 79 79 79 83 2 2 2 75 79 79 79 83 2 1 2 111 108 105 105 105 105 
113 105 105 105 105 105 107 81 77 77 77 77 77 76 73 2 2 2 89 98 77 77 73 1 113 112 1 91 97 79 79 96 88 2 1 113 112 81 77 77 77 73 2 2 89 98 78 78 99 74 97 78 96 88 2 1 81 79 79 79 79 79 83 2 2 2 91 97 79 79 83 2 2 1 2 108 105 105 105 105 
111 108 105 105 105 105 107 81 77 77 77 77 77 77 73 2 2 2 81 77 77 77 96 88 111 110 1 1 75 79 79 79 83 2 2 111 110 81 77 77 99 90 2 2 81 77 77 99 90 1 75 79 79 83 2 2 81 79 79 79 79 99 90 2 1 2 2 75 79 79 96 88 2 2 2 108 105 105 105 105 
1 113 104 105 105 105 107 81 77 77 77 77 77 77 73 2 2 1 91 97 77 77 77 96 72 72 72 72 98 79 79 79 83 2 2 89 82 98 77 77 73 2 2 89 98 77 77 73 1 2 75 79 79 96 88 2 81 79 79 79 79 95 2 2 1 2 2 75 79 79 79 83 2 2 115 105 105 105 105 105 
2 111 109 108 105 105 107 91 97 77 77 77 77 77 73 2 1 1 2 81 77 77 77 76 76 76 76 76 79 79 79 79 83 2 2 81 77 77 77 77 73 1 1 75 77 77 77 96 72 72 98 79 79 79 96 82 98 79 79 79 79 87 2 1 2 1 2 75 79 79 79 96 88 115 105 105 105 105 105 105 
2 1 115 105 105 105 105 114 81 77 77 77 77 77 73 9 6 8 2 91 97 77 76 76 76 76 76 76 76 79 99 80 90 2 2 91 97 77 77 77 73 1 1 81 77 77 77 76 76 76 76 76 79 79 76 76 76 79 76 79 79 96 88 2 2 1 2 75 79 79 79 79 83 108 105 105 105 105 105 105 
1 115 105 105 105 105 105 107 81 77 77 77 77 77 73 7 3 15 6 8 81 76 76 76 76 76 76 76 76 76 83 2 2 1 2 2 91 97 77 77 73 2 2 91 97 77 76 76 76 76 76 76 79 79 99 80 97 76 76 79 79 79 83 2 1 1 2 91 97 79 79 79 83 108 105 105 105 105 105 105 
2 108 105 105 105 105 105 107 81 77 77 77 77 77 73 11 12 3 3 5 91 97 76 76 76 76 76 76 99 80 90 2 2 1 1 1 2 81 77 77 73 2 2 2 91 97 76 76 76 76 76 76 79 99 90 2 91 97 76 76 78 79 96 88 2 2 2 2 75 79 79 79 83 108 105 105 105 105 105 105 
115 105 105 105 105 105 105 107 91 97 77 77 77 77 73 1 11 12 13 10 2 91 80 80 84 92 97 99 90 2 2 2 2 2 1 1 2 81 77 77 73 2 1 2 2 91 97 99 84 92 97 76 99 90 1 1 89 98 76 76 78 78 78 96 88 2 89 82 98 79 79 79 83 108 105 105 105 105 105 105 
105 105 105 105 105 105 105 105 114 81 77 77 77 77 96 88 2 11 10 2 2 1 1 2 2 2 91 90 2 2 2 2 89 88 2 2 2 81 77 77 73 2 2 9 6 8 91 90 2 2 91 80 90 2 1 2 75 76 76 76 76 78 78 78 96 82 98 76 76 79 79 79 83 108 105 105 105 105 105 105 
105 105 105 105 105 105 105 105 107 81 77 77 77 77 77 96 72 72 88 2 1 2 1 1 1 1 2 2 2 2 2 89 98 83 2 89 88 91 97 77 96 88 2 7 13 10 2 2 1 1 2 2 2 1 2 2 75 76 76 76 76 76 78 78 78 78 78 76 76 79 79 79 83 113 105 105 105 105 105 105 
105 105 105 105 105 105 105 105 107 81 77 77 77 77 77 77 77 77 96 72 88 2 2 2 2 1 1 1 1 89 72 98 76 83 89 98 96 88 81 77 77 96 88 11 10 2 2 1 1 1 1 2 2 2 2 89 98 76 76 76 76 76 76 78 78 78 78 76 79 79 79 79 83 115 105 105 105 105 105 105 
105 105 105 105 105 105 105 105 112 91 97 77 77 77 77 77 77 77 77 77 96 72 72 72 72 72 72 72 72 98 76 76 76 96 98 76 76 96 98 76 77 77 96 88 2 2 2 2 1 2 2 1 2 89 72 98 76 76 76 76 76 76 76 76 76 76 76 76 79 79 79 79 83 108 105 105 105 105 105 105 
105 105 105 105 105 104 105 107 110 2 81 77 77 77 77 77 77 77 77 76 76 76 76 76 76 76 76 76 76 76 76 76 76 78 78 78 76 76 76 76 76 76 76 96 72 72 88 2 2 2 89 72 72 98 76 76 76 76 79 79 76 76 76 76 76 76 76 76 79 79 79 79 83 108 105 105 105 105 105 105 
105 105 105 105 107 109 113 112 2 2 91 97 77 77 77 77 77 76 76 76 76 76 76 76 76 76 76 76 76 76 76 76 77 99 74 97 77 77 76 76 76 76 76 76 76 76 96 72 72 72 98 76 76 76 76 76 76 79 79 79 79 99 80 80 80 80 80 97 79 79 79 79 83 108 105 105 105 105 105 105 
105 105 105 105 107 2 2 2 1 1 2 81 77 77 77 76 76 76 76 76 76 76 76 76 76 76 76 76 76 76 76 77 77 96 72 98 77 76 76 76 76 76 76 76 76 76 76 76 76 76 76 76 78 78 78 76 76 79 79 79 99 90 2 1 2 1 2 75 79 79 79 79 83 108 105 105 105 105 105 105 
105 105 105 105 107 2 2 1 1 2 2 91 97 76 76 76 76 76 76 76 76 99 80 80 80 80 80 97 76 76 76 76 76 76 76 76 76 76 76 76 76 76 76 76 76 76 77 76 76 76 78 78 99 80 97 78 76 79 79 99 90 9 6 6 6 8 1 75 79 79 79 79 83 113 105 105 105 105 105 105 
105 105 105 105 105 114 2 2 2 115 114 106 91 80 97 76 76 76 76 76 99 90 2 2 2 2 2 91 80 97 76 76 76 76 76 99 80 80 80 80 80 80 80 97 77 77 77 77 76 77 77 99 90 2 75 76 76 79 99 90 9 14 13 4 12 5 89 98 79 79 79 79 83 111 108 105 105 105 105 105 
105 105 105 105 105 105 114 106 115 105 105 105 114 106 81 76 76 76 76 76 73 2 2 1 1 2 2 1 2 91 97 76 76 76 99 90 2 2 2 2 2 1 1 91 97 77 77 77 76 76 77 96 72 72 98 76 76 79 83 2 7 3 5 9 14 5 75 79 79 79 79 79 83 2 108 105 105 105 105 105 
105 105 105 105 105 105 105 105 105 105 105 105 105 112 91 97 76 76 76 99 90 2 2 1 2 2 2 2 1 2 81 76 99 80 90 2 2 89 72 72 88 2 1 2 81 77 77 76 76 76 76 76 76 76 76 76 76 76 83 2 7 3 15 14 13 10 75 79 79 79 79 79 83 2 108 105 105 105 105 105 
105 105 105 105 105 105 105 105 105 105 105 105 107 89 82 98 76 99 80 90 2 2 1 2 2 2 1 2 2 2 91 80 90 2 2 89 72 98 76 76 96 88 1 2 81 77 76 76 76 76 76 76 76 76 76 76 76 76 96 88 11 4 4 4 10 89 98 79 79 79 79 79 83 115 105 105 105 105 105 105 
105 105 105 105 104 105 105 105 105 104 104 104 112 81 77 76 99 90 2 2 1 2 89 72 72 88 2 1 2 2 2 2 2 2 2 81 76 76 76 77 76 83 2 2 81 76 76 76 76 76 76 76 76 76 76 76 76 76 76 83 2 2 2 2 2 75 76 76 79 79 79 79 83 108 105 105 105 105 105 105 
105 105 105 112 109 113 105 105 112 109 109 109 110 91 80 80 90 2 1 1 1 2 75 77 76 96 88 2 2 2 1 1 1 2 89 98 76 76 77 77 99 90 2 89 98 76 76 76 76 99 80 84 92 80 80 80 97 76 76 83 2 1 2 2 89 98 76 79 79 79 79 79 83 108 105 105 105 105 105 105 
105 105 105 114 1 111 108 112 110 2 9 6 8 2 1 1 1 2 2 2 89 72 98 77 77 76 96 88 2 2 1 1 2 2 81 76 76 77 99 80 90 2 2 81 76 76 99 80 80 90 9 6 6 6 8 2 91 80 80 90 2 1 2 2 75 76 79 79 79 79 79 99 90 108 105 105 105 105 105 105 
105 105 105 105 114 115 112 110 1 2 11 4 10 2 2 2 2 1 2 2 81 77 77 77 77 76 76 96 88 2 2 2 2 89 98 76 76 77 83 2 2 2 2 81 76 76 83 2 9 6 14 3 3 3 15 6 8 2 1 1 1 1 2 89 98 76 79 79 79 79 79 83 115 105 104 105 105 105 105 105 
105 105 105 105 105 107 110 2 1 2 65 56 56 56 64 2 2 1 2 89 98 77 77 77 77 77 76 76 96 72 88 2 89 98 76 76 77 99 90 2 1 2 2 91 80 80 90 2 7 3 3 13 4 12 3 3 5 2 1 2 2 2 89 98 76 76 79 79 79 79 79 83 113 112 109 113 105 105 105 105 
105 105 105 105 105 112 2 2 65 56 68 16 16 16 70 64 2 2 2 81 77 99 97 77 77 77 76 76 76 76 96 72 98 76 76 76 77 83 2 2 2 1 2 2 2 2 1 1 11 12 3 5 9 14 3 13 10 2 2 2 89 72 98 76 76 79 79 79 79 79 99 90 111 110 1 111 108 105 105 105 
105 105 105 105 107 110 2 2 59 16 16 16 16 16 16 58 2 2 2 81 77 83 91 97 77 77 77 76 76 76 76 76 76 76 76 77 77 96 88 1 2 2 2 2 2 2 2 1 1 11 12 15 14 3 13 10 2 2 89 72 98 76 76 76 76 79 79 79 79 99 90 115 114 106 2 2 113 105 105 105 
105 105 105 105 112 2 1 2 59 16 16 16 16 16 16 70 64 2 2 91 80 90 106 91 97 77 77 77 76 76 76 76 76 76 76 77 77 77 96 72 72 72 72 72 72 72 88 1 2 2 11 4 4 4 10 2 89 72 98 76 76 76 76 76 76 76 79 79 99 90 115 105 105 105 114 1 111 108 105 105 
105 105 105 107 110 1 2 2 59 16 16 16 16 16 16 16 58 2 1 2 106 115 105 114 91 97 77 77 77 77 76 76 76 76 76 76 77 77 76 76 76 76 76 76 76 76 96 72 72 72 72 72 72 42 42 82 98 76 76 76 76 76 76 76 76 76 79 99 90 2 113 105 105 105 107 106 106 108 105 105 
105 105 105 107 2 1 2 2 67 71 16 16 16 16 16 16 58 2 1 2 108 105 105 107 2 91 97 77 77 77 77 77 77 76 76 76 76 76 76 76 76 76 76 76 76 76 76 76 76 76 79 79 79 39 39 77 77 76 76 76 76 76 76 76 76 76 99 90 115 114 115 105 105 105 105 105 105 105 105 105 
105 105 105 107 2 2 9 6 8 67 71 16 16 16 16 69 66 9 8 2 108 105 105 112 2 2 91 97 77 77 77 77 77 76 76 76 76 76 76 76 76 76 77 76 76 76 76 76 76 76 76 79 79 39 39 77 77 77 76 76 76 76 76 76 76 99 90 115 105 105 105 105 105 105 105 105 105 105 105 105 
105 105 105 105 114 1 7 3 15 8 67 57 57 57 57 66 2 11 10 2 108 105 105 114 2 115 114 91 97 77 77 77 76 76 76 76 76 76 76 76 76 77 77 76 76 76 76 76 76 76 76 76 79 39 39 77 77 76 76 76 76 76 76 99 80 90 115 105 105 105 105 105 105 105 105 105 105 105 105 105 
105 105 105 105 107 2 11 12 3 5 2 2 2 2 2 1 2 2 2 115 105 105 105 107 2 113 105 114 91 97 77 76 76 76 76 76 76 76 76 76 77 77 77 77 77 76 76 76 79 76 76 76 76 39 39 77 76 76 76 76 76 76 99 90 115 114 108 105 105 105 105 105 104 105 105 105 105 105 105 105 
105 105 105 105 105 114 2 11 4 10 2 2 1 1 2 2 2 2 106 108 105 105 105 112 2 111 108 105 114 81 77 76 99 80 80 80 80 80 80 80 97 77 77 77 77 77 76 79 79 99 80 80 80 40 40 80 80 80 80 80 80 80 90 115 105 105 105 105 105 105 104 112 109 113 105 105 105 105 105 105 
105 105 105 105 105 105 114 106 2 2 1 1 2 2 2 106 106 115 105 105 105 105 105 114 106 115 105 105 107 91 80 80 90 106 106 106 106 106 106 106 91 97 77 77 77 77 77 79 79 83 2 1 9 6 8 2 1 115 114 115 114 106 115 105 105 105 105 105 105 112 109 110 1 111 108 105 105 105 105 105 
105 105 105 105 105 105 105 105 114 106 106 106 106 106 115 104 112 113 105 105 105 105 105 105 105 105 105 105 105 114 106 106 115 105 105 105 105 105 105 105 114 91 80 97 77 79 79 79 99 90 2 9 14 3 15 8 2 108 105 105 105 105 105 105 105 105 105 105 107 110 1 1 2 1 108 105 105 105 105 105 
105 105 105 105 105 105 105 105 105 105 105 105 105 105 112 109 110 115 105 105 105 105 105 105 105 105 105 105 105 105 105 105 105 105 105 105 105 105 105 105 105 114 2 91 80 97 79 99 90 115 114 11 12 3 13 10 115 105 105 105 105 105 105 105 105 105 105 105 105 114 106 115 114 106 108 105 105 105 105 105 
105 105 105 105 105 105 105 105 105 105 105 105 105 105 114 1 106 108 105 105 105 105 105 105 105 105 105 105 105 105 105 105 105 105 105 105 105 105 105 105 105 112 2 2 2 75 79 83 115 105 107 2 7 3 5 2 113 105 105 105 105 105 105 105 105 105 105 105 105 105 105 105 105 105 105 105 105 105 105 105 
105 105 105 105 105 105 105 105 105 105 105 105 105 105 107 2 113 105 105 105 105 105 105 105 105 105 105 105 105 105 105 105 105 105 105 105 105 105 105 105 107 110 2 2 2 75 79 83 108 105 107 2 7 3 15 8 111 108 105 105 105 105 105 105 105 105 105 105 105 105 105 105 105 105 105 105 105 105 105 105 

[COLLISION]
0 0 0 0 0 0 0 0 0 0 0 0 0 0 0 0 0 0 0 0 0 0 0 0 0 0 0 0 0 0 0 0 0 0 0 0 0 0 0 0 0 0 0 0 0 0 0 0 0 0 0 0 0 0 0 0 0 0 0 0 0 0 0 0 0 0 0 0 0 0 0 0 0 0 0 0 0 0 0 0 
0 0 0 0 0 0 0 0 0 0 0 0 0 0 0 0 0 0 0 0 0 0 0 0 0 0 0 0 0 0 0 0 0 0 0 0 0 0 0 0 0 0 0 0 0 0 0 0 0 0 0 0 0 0 0 0 0 0 0 0 0 0 0 0 0 0 0 0 0 0 0 0 0 0 0 0 0 0 0 0 
0 0 0 0 0 0 0 0 0 0 0 0 0 0 0 0 0 0 0 0 0 0 0 0 0 0 0 0 0 0 0 0 0 0 0 0 0 0 0 0 0 0 0 0 0 0 0 0 0 0 0 0 0 0 0 0 0 0 0 0 0 0 0 0 0 0 0 0 0 0 0 0 0 0 0 0 0 0 0 0 
0 0 0 0 0 0 0 0 0 0 0 0 0 0 0 0 0 0 0 0 0 0 0 0 0 0 0 0 0 0 0 0 0 0 0 0 0 0 0 0 0 0 0 0 0 0 0 0 0 0 0 0 0 0 0 0 0 0 0 0 0 0 0 0 0 0 0 0 0 0 0 0 0 0 0 0 0 0 0 0 
0 0 0 0 0 0 0 0 0 0 0 0 0 0 0 0 0 0 0 0 0 0 0 0 0 0 0 0 0 0 0 0 0 0 0 0 0 0 0 0 0 0 0 0 0 0 0 0 0 0 0 0 0 0 0 0 0 0 0 0 0 0 0 0 0 0 0 0 0 0 0 0 0 0 0 0 0 0 0 0 
0 0 0 0 0 0 0 0 0 0 0 0 0 0 0 0 0 0 0 0 0 0 0 0 0 0 0 0 0 0 0 0 0 0 0 0 0 0 0 0 0 0 0 0 0 0 0 0 0 0 0 0 0 0 0 0 0 0 0 0 0 0 0 0 0 0 0 0 0 0 0 0 0 0 0 0 0 0 0 0 
0 0 0 0 0 0 0 0 0 0 0 0 0 0 0 0 0 0 0 0 0 0 0 0 0 0 0 0 0 0 0 0 0 0 0 0 0 0 0 0 0 0 0 0 0 0 0 0 0 0 0 0 0 0 0 0 0 0 0 0 0 0 0 0 0 0 0 0 0 0 0 0 0 0 0 0 0 0 0 0 
0 0 0 0 0 0 0 0 0 0 0 0 0 0 0 0 0 0 0 0 0 0 0 0 0 0 0 0 0 0 0 0 0 0 0 0 0 0 0 0 0 0 0 0 0 0 0 0 0 0 0 0 0 0 0 0 0 0 0 0 0 0 0 0 0 0 0 0 0 0 0 0 0 0 0 0 0 0 0 0 
0 0 0 0 0 0 0 0 0 0 0 0 0 0 0 0 0 0 0 0 0 0 0 0 0 0 0 0 0 0 0 0 0 0 0 0 0 0 0 0 0 0 0 0 0 0 0 0 0 0 0 0 0 0 0 0 0 0 0 0 0 0 0 0 0 0 0 0 0 0 0 0 0 0 0 0 0 0 0 0 
0 0 0 0 0 0 0 0 0 0 0 0 0 0 0 0 0 0 0 0 0 0 0 0 0 0 0 0 0 0 0 0 0 0 0 0 0 0 0 0 0 0 0 0 0 0 0 0 0 0 0 0 0 0 0 0 0 0 0 0 0 0 0 0 0 0 0 0 0 0 0 0 0 0 0 0 0 0 0 0 
0 0 0 0 0 0 0 0 0 0 0 0 0 0 0 0 0 0 0 0 0 0 0 0 0 0 0 0 0 0 0 0 0 0 0 0 0 0 0 0 0 0 0 0 0 0 0 0 0 0 0 0 0 0 0 0 0 0 0 0 0 0 0 0 0 0 0 0 0 0 0 0 0 0 0 0 0 0 0 0 
0 0 0 0 0 0 0 0 0 0 0 0 0 0 0 0 0 0 0 0 0 0 0 0 0 0 0 0 0 0 0 0 0 0 0 0 0 0 0 0 0 0 0 0 0 0 0 0 0 0 0 0 0 0 0 0 0 0 0 0 0 0 0 0 0 0 0 0 0 0 0 0 0 0 0 0 0 0 0 0 
0 0 0 0 0 0 0 0 0 0 0 0 0 0 0 0 0 0 0 0 0 0 0 0 0 0 0 0 0 0 0 0 0 0 0 0 0 0 0 0 0 0 0 0 0 0 0 0 0 0 0 0 0 0 0 0 0 0 0 0 0 0 0 0 0 0 0 0 0 0 0 0 0 0 0 0 0 0 0 0 
0 0 0 0 0 0 0 0 0 0 0 0 0 0 0 0 0 0 0 0 0 0 0 0 0 0 0 0 0 0 0 0 0 6 2 2 2 2 2 2 7 0 0 0 0 0 0 0 0 0 0 0 0 0 0 0 0 0 0 0 0 0 0 0 0 0 0 0 0 0 0 0 0 0 0 0 0 0 0 0 
0 0 0 0 0 0 0 0 0 0 0 0 0 0 0 0 0 0 0 0 0 0 0 0 0 6 2 7 0 0 0 0 0 5 0 0 0 0 0 3 2 2 7 0 0 0 0 0 0 0 0 0 0 0 0 0 0 0 0 0 0 0 0 0 0 0 0 0 0 0 0 0 0 0 0 0 0 0 0 0 
0 0 0 0 0 0 0 0 0 0 0 0 0 0 0 0 0 0 0 0 0 0 0 6 2 13 0 6 2 7 0 0 6 2 7 1 1 0 0 6 0 0 12 2 7 0 0 0 0 0 0 0 0 0 0 0 0 0 0 0 0 0 0 0 0 0 0 0 0 0 0 0 0 0 0 0 0 0 0 0 
0 0 0 0 0 0 0 0 0 0 0 0 0 0 0 0 0 0 0 0 0 0 6 2 4 0 0 8 0 3 0 0 5 0 0 0 0 7 6 0 0 0 0 0 12 7 0 0 0 0 0 0 0 0 0 0 0 0 0 0 0 0 0 0 0 0 0 0 0 0 0 0 0 0 0 0 0 0 0 0 
0 0 0 0 0 0 0 0 0 0 0 0 0 0 0 0 0 0 0 0 6 2 13 0 7 1 1 6 0 3 0 6 13 0 0 0 0 0 0 0 0 0 0 0 0 12 2 2 7 0 0 0 0 0 0 0 0 0 0 0 0 0 0 0 0 0 0 0 0 0 0 0 0 0 0 0 0 0 0 0 
0 0 0 0 0 0 0 0 0 0 0 0 0 0 0 0 0 0 0 0 5 0 0 0 0 0 0 0 0 12 2 13 0 0 0 0 0 0 0 0 0 0 0 0 0 0 0 0 12 2 7 0 0 0 0 0 0 0 0 0 0 0 0 0 0 0 0 0 0 0 0 0 0 0 0 0 0 0 0 0 
0 0 0 0 0 0 0 0 0 0 0 0 0 0 0 0 0 0 0 6 13 0 0 0 0 0 0 0 0 0 0 0 0 0 0 0 0 0 0 0 0 0 0 0 0 0 0 0 0 0 12 7 0 0 0 0 0 0 0 0 0 0 0 0 0 0 0 0 0 0 0 0 0 0 0 0 0 0 0 0 
0 0 0 0 0 0 0 0 0 0 0 0 0 0 0 0 0 0 6 13 0 0 0 0 0 10 4 11 0 0 0 0 0 0 0 10 4 4 4 11 0 0 0 0 0 0 0 0 0 0 0 12 7 0 0 0 0 0 0 0 0 0 0 0 0 0 0 0 0 0 0 0 0 0 0 0 0 0 0 0 
0 0 0 0 0 0 0 0 0 0 0 0 0 0 0 0 0 6 13 0 0 0 0 0 0 3 0 8 4 4 4 11 10 4 4 9 0 0 0 8 4 11 0 0 0 0 0 0 0 0 0 0 3 0 0 0 0 0 0 0 0 0 0 0 0 0 0 0 0 0 0 0 0 0 0 0 0 0 0 0 
0 0 0 0 0 0 0 0 0 0 0 0 0 0 0 0 6 13 0 0 0 0 0 0 0 3 0 0 0 0 0 8 9 0 0 0 0 0 0 0 0 8 4 11 0 0 0 0 0 0 0 0 3 0 0 0 0 0 0 0 0 0 0 0 0 0 0 0 0 0 0 0 0 0 0 0 0 0 0 0 
0 0 0 0 0 0 0 0 0 0 0 0 0 0 0 6 13 0 0 0 0 0 0 0 0 3 0 0 0 0 0 0 0 0 0 0 0 0 0 0 0 0 0 8 11 0 0 0 0 0 0 0 3 0 0 0 0 0 0 0 0 0 0 0 0 0 0 0 0 0 0 0 0 0 0 0 0 0 0 0 
0 0 0 0 0 0 0 0 0 0 0 0 0 0 0 5 0 0 0 10 4 4 4 11 0 12 7 0 0 0 0 0 0 0 0 0 6 2 2 2 7 0 0 0 8 11 0 0 0 0 0 10 9 0 0 0 0 0 0 0 0 0 0 0 0 0 0 0 0 0 0 0 0 0 0 0 0 0 0 0 
0 0 0 0 0 0 0 0 0 0 0 0 0 0 0 5 0 0 10 9 0 0 0 5 0 0 12 7 0 0 0 0 0 6 2 2 13 0 0 0 3 0 0 0 0 8 11 0 0 0 0 3 0 0 0 0 0 0 0 0 0 0 0 0 0 0 0 0 0 0 0 0 0 0 0 0 0 0 0 0 
0 0 0 0 0 0 0 0 0 0 0 0 0 0 0 5 0 0 3 0 0 0 0 5 0 0 0 12 7 0 0 0 6 13 0 0 0 0 0 0 12 2 7 0 0 0 5 0 0 0 0 3 0 0 0 0 0 0 0 0 0 0 0 0 0 0 0 0 0 0 0 0 0 0 0 0 0 0 0 0 
0 0 0 0 0 0 0 0 0 0 0 0 0 0 6 13 0 0 12 7 0 0 0 5 0 0 0 10 9 0 0 0 5 0 0 0 10 4 4 11 0 0 3 0 0 0 8 11 0 0 0 12 7 0 0 6 2 2 2 7 0 0 0 0 0 0 0 0 0 0 0 0 0 0 0 0 0 0 0 0 
0 0 0 0 0 0 0 0 0 0 0 0 0 0 8 11 0 0 0 12 7 0 6 13 0 0 0 3 0 0 0 6 13 0 0 10 9 0 0 5 0 0 3 0 0 0 0 5 0 0 0 0 12 7 6 13 0 0 0 12 7 0 0 0 0 0 0 0 0 0 0 0 0 0 0 0 0 0 0 0 
0 0 0 0 0 0 0 0 0 0 0 0 0 0 0 8 11 0 0 0 12 2 13 0 0 10 4 9 0 0 6 13 0 0 10 9 0 0 0 5 0 0 3 0 0 0 0 8 11 0 0 0 0 12 13 0 0 0 0 0 12 7 0 0 0 0 0 0 0 0 0 0 0 0 0 0 0 0 0 0 
0 0 0 0 0 0 0 0 0 0 0 0 0 0 0 0 8 11 0 0 0 0 0 0 10 9 0 0 0 0 5 0 0 0 3 0 0 0 0 5 0 0 3 0 0 0 0 0 8 11 0 0 0 0 0 0 0 0 0 0 0 12 7 0 0 0 0 0 0 0 0 0 0 0 0 0 0 0 0 0 
0 0 0 0 0 0 0 0 0 0 0 0 0 0 0 0 0 8 11 0 0 0 0 10 9 0 0 0 0 0 5 0 0 0 3 0 1 1 6 13 0 10 9 0 0 0 0 0 0 8 11 0 0 0 0 0 0 0 0 0 0 0 3 0 0 0 0 0 0 0 0 0 0 0 0 0 0 0 0 0 
0 0 0 0 0 0 0 0 0 0 0 0 0 0 0 0 6 2 13 0 0 0 0 12 2 7 0 0 0 0 5 0 0 0 12 2 0 0 13 0 0 3 0 0 0 0 0 0 0 0 8 4 11 0 0 0 0 0 0 0 0 0 12 7 0 0 0 0 0 0 0 0 0 0 0 0 0 0 0 0 
0 0 0 0 0 0 0 0 0 0 0 0 0 0 6 2 13 0 0 0 0 0 0 0 0 12 2 7 0 0 8 11 0 0 0 0 0 0 0 0 0 3 0 0 0 0 0 0 0 0 0 0 8 11 0 0 0 0 0 0 0 0 0 12 7 0 0 0 0 0 0 0 0 0 0 0 0 0 0 0 
0 0 0 0 0 0 0 0 0 0 0 0 0 0 5 0 0 0 0 0 0 0 0 0 0 0 0 12 7 0 0 5 0 0 0 0 0 0 0 0 10 9 0 0 0 0 0 0 0 0 0 0 0 8 4 4 4 11 0 0 0 0 0 0 3 0 0 0 0 0 0 0 0 0 0 0 0 0 0 0 
0 0 0 0 0 0 0 0 0 0 0 0 0 0 5 0 0 10 4 4 11 0 0 0 0 0 0 0 12 2 2 13 0 0 0 0 0 0 0 0 3 0 0 0 0 0 0 0 0 0 0 0 0 0 0 0 0 8 11 0 0 0 0 0 12 7 0 0 0 0 0 0 0 0 0 0 0 0 0 0 
0 0 0 0 0 0 0 0 0 0 0 0 0 6 13 0 0 3 0 0 8 4 11 0 0 0 0 0 0 0 0 0 0 0 0 0 9 8 0 10 9 0 0 0 0 0 0 6 2 2 2 2 7 0 0 0 0 0 8 11 0 0 0 0 0 3 0 0 0 0 0 0 0 0 0 0 0 0 0 0 
0 0 0 0 0 0 0 0 0 0 0 0 0 5 0 0 0 12 7 0 0 0 8 4 4 4 4 4 11 0 0 0 0 0 0 9 0 3 4 9 0 0 0 6 2 2 2 13 0 0 0 0 12 2 7 0 0 0 0 5 0 0 0 0 0 3 0 0 0 0 0 0 0 0 0 0 0 0 0 0 
0 0 0 0 0 0 0 0 0 0 0 0 0 5 0 0 0 0 12 7 0 0 0 0 0 0 0 0 8 11 0 0 0 0 0 7 0 0 3 0 0 0 6 13 0 0 0 0 0 0 0 0 0 0 12 7 0 0 0 8 4 11 0 0 0 12 7 0 0 0 0 0 0 0 0 0 0 0 0 0 
0 0 0 0 0 0 0 0 0 0 0 0 0 8 11 0 0 0 0 3 0 0 6 2 2 2 7 0 0 8 11 0 0 0 0 9 0 10 9 0 0 6 13 0 0 0 0 10 4 4 4 11 0 0 0 12 7 0 0 0 0 8 11 0 0 0 3 0 0 0 0 0 0 0 0 0 0 0 0 0 
0 0 0 0 0 0 0 0 0 0 0 0 0 0 5 0 0 0 0 3 0 0 5 0 0 0 12 7 0 0 8 11 0 0 0 1 0 3 0 0 0 5 0 0 0 10 4 9 0 0 0 8 11 0 0 0 3 0 0 0 0 0 5 0 0 0 3 0 0 0 0 0 0 0 0 0 0 0 0 0 
0 0 0 0 0 0 0 0 0 0 0 0 0 0 5 0 0 0 10 9 0 0 5 0 0 0 0 12 7 0 0 8 11 0 0 7 6 7 0 0 0 5 0 0 10 9 0 0 6 2 7 0 8 11 0 0 3 0 0 0 0 0 5 0 0 0 12 7 0 0 0 0 0 0 0 0 0 0 0 0 
0 0 0 0 0 0 0 0 0 0 0 0 0 0 5 0 0 0 3 0 0 0 8 11 0 0 0 0 3 0 0 0 5 0 0 0 0 3 0 0 6 13 0 0 3 0 0 6 13 0 3 0 0 5 0 0 3 0 0 0 0 6 13 0 0 0 0 3 0 0 0 0 0 0 0 0 0 0 0 0 
0 0 0 0 0 0 0 0 0 0 0 0 0 0 5 0 0 0 12 7 0 0 0 8 4 4 4 4 9 0 0 0 5 0 0 10 4 9 0 0 5 0 0 10 9 0 0 5 0 0 3 0 0 8 11 0 3 0 0 0 1 0 0 0 0 0 0 3 0 0 0 0 0 0 0 0 0 0 0 0 
0 0 0 0 0 0 0 0 0 0 0 0 0 0 5 0 0 0 0 3 0 0 0 0 0 0 0 0 0 0 0 0 5 0 0 3 0 0 0 0 5 0 0 3 0 0 0 8 4 4 9 0 0 0 8 4 9 0 0 0 1 0 0 0 0 0 0 3 0 0 0 0 0 0 0 0 0 0 0 0 
0 0 0 0 0 0 0 0 0 0 0 0 0 0 5 0 0 0 0 12 7 0 0 0 0 0 0 0 0 0 6 2 13 0 0 12 7 0 0 0 5 0 0 3 0 0 0 0 0 0 0 0 0 0 0 0 0 0 0 0 0 8 11 0 0 0 0 3 0 0 0 0 0 0 0 0 0 0 0 0 
0 0 0 0 0 0 0 0 0 0 0 0 0 0 5 0 0 0 0 0 3 0 0 0 0 0 0 0 0 0 5 0 0 0 0 0 12 7 0 0 5 0 0 12 7 0 0 0 0 0 0 0 0 0 6 2 7 0 0 0 0 0 5 0 0 0 0 12 7 0 0 0 0 0 0 0 0 0 0 0 
0 0 0 0 0 0 0 0 0 0 0 0 0 0 5 0 0 0 0 0 12 7 0 0 1 1 0 0 6 2 13 0 0 0 0 0 0 3 0 0 5 0 0 0 12 7 0 0 1 1 0 0 0 6 13 0 12 7 0 0 0 0 8 11 0 0 0 0 3 0 0 0 0 0 0 0 0 0 0 0 
0 0 0 0 0 0 0 0 0 0 0 0 0 0 5 0 0 0 0 0 0 12 2 2 0 0 7 6 13 0 0 0 0 0 0 0 0 3 0 0 5 0 0 0 0 12 7 6 0 0 7 0 6 13 0 0 10 9 0 0 0 0 0 8 11 0 10 4 9 0 0 0 0 0 0 0 0 0 0 0 
0 0 0 0 0 0 0 0 0 0 0 0 0 0 8 11 0 0 0 0 0 0 0 0 0 0 12 13 0 0 0 0 10 11 0 0 0 3 0 0 5 0 0 0 0 0 12 13 0 0 12 2 13 0 0 0 3 0 0 0 0 0 0 0 8 4 9 0 0 0 0 0 0 0 0 0 0 0 0 0 
0 0 0 0 0 0 0 0 0 0 0 0 0 0 0 8 4 4 11 0 0 0 0 0 0 0 0 0 0 0 0 10 9 5 0 10 11 12 7 0 8 11 0 0 0 0 0 0 0 0 0 0 0 0 0 0 3 0 0 0 0 0 0 0 0 0 0 0 0 0 0 0 0 0 0 0 0 0 0 0 
0 0 0 0 0 0 0 0 0 0 0 0 0 0 0 0 0 0 8 4 11 0 0 0 0 0 0 0 0 10 4 9 0 5 10 9 8 11 3 0 0 8 11 0 0 0 0 0 0 0 0 0 0 0 0 10 9 0 0 0 0 0 0 0 0 0 0 0 0 0 0 0 0 0 0 0 0 0 0 0 
0 0 0 0 0 0 0 0 0 0 0 0 0 0 0 0 0 0 0 0 8 4 4 4 4 4 4 4 4 9 0 0 0 8 9 0 0 8 9 0 0 0 8 11 0 0 0 0 0 0 0 0 0 10 4 9 0 0 0 0 0 0 0 0 0 0 0 0 0 0 0 0 0 0 0 0 0 0 0 0 
0 0 0 0 0 0 0 0 0 0 0 0 0 0 0 0 0 0 0 0 0 0 0 0 0 0 0 0 0 0 0 0 0 0 0 0 0 0 0 0 0 0 0 8 4 4 11 0 0 0 10 4 4 9 0 0 0 0 0 0 0 0 0 0 0 0 0 0 0 0 0 0 0 0 0 0 0 0 0 0 
0 0 0 0 0 0 0 0 0 0 0 0 0 0 0 0 0 0 0 0 0 0 0 0 0 0 0 0 0 0 0 0 0 6 2 7 0 0 0 0 0 0 0 0 0 0 8 4 4 4 9 0 0 0 0 0 0 0 0 0 0 6 2 2 2 2 2 7 0 0 0 0 0 0 0 0 0 0 0 0 
0 0 0 0 0 0 0 0 0 0 0 0 0 0 0 0 0 0 0 0 0 0 0 0 0 0 0 0 0 0 0 0 0 8 4 9 0 0 0 0 0 0 0 0 0 0 0 0 0 0 0 0 0 0 0 0 0 0 0 0 6 13 0 0 0 0 0 3 0 0 0 0 0 0 0 0 0 0 0 0 
0 0 0 0 0 0 0 0 0 0 0 0 0 0 0 0 0 0 0 0 0 6 2 2 2 2 2 7 0 0 0 0 0 0 0 0 0 0 0 0 0 0 0 0 0 0 0 0 0 0 0 0 6 2 7 0 0 0 0 6 13 0 0 0 0 0 0 3 0 0 0 0 0 0 0 0 0 0 0 0 
0 0 0 0 0 0 0 0 0 0 0 0 0 0 0 0 0 0 0 0 6 13 0 0 0 0 0 12 2 7 0 0 0 0 0 6 2 2 2 2 2 2 2 7 0 0 0 0 0 0 0 6 13 0 3 0 0 0 6 13 0 0 0 0 0 0 10 9 0 0 0 0 0 0 0 0 0 0 0 0 
0 0 0 0 0 0 0 0 0 0 0 0 0 0 0 0 0 0 0 0 5 0 0 0 0 0 0 0 0 12 7 0 0 0 6 13 0 0 0 0 0 0 0 12 7 0 0 0 0 0 0 8 4 4 9 0 0 0 5 0 0 0 0 0 0 0 3 0 0 0 0 0 0 0 0 0 0 0 0 0 
0 0 0 0 0 0 0 0 0 0 0 0 0 0 0 0 0 0 0 6 13 0 0 0 0 0 0 0 0 0 3 0 6 2 13 0 0 10 4 4 11 0 0 0 3 0 0 0 0 0 0 0 0 0 0 0 0 0 5 0 0 0 0 0 0 0 3 0 0 0 0 0 0 0 0 0 0 0 0 0 
0 0 0 0 0 0 0 0 0 0 0 0 0 0 0 0 0 6 2 13 0 0 0 0 0 0 0 0 0 0 12 2 13 0 0 10 4 9 0 0 8 11 0 0 3 0 0 0 0 0 0 0 0 0 0 0 0 0 8 11 0 0 0 0 0 10 9 0 0 0 0 0 0 0 0 0 0 0 0 0 
0 0 0 0 0 0 0 0 0 1 1 1 6 7 0 0 6 13 0 0 0 0 10 4 4 11 0 0 0 0 0 0 0 0 0 3 0 0 0 0 0 5 0 0 3 0 0 0 0 0 0 1 1 0 0 0 0 0 0 5 0 0 0 0 0 3 0 0 0 0 0 0 0 0 0 0 0 0 0 0 
0 0 0 0 0 0 0 0 6 0 0 0 0 12 2 2 13 0 0 0 0 0 3 0 0 8 11 0 0 0 0 0 0 0 10 9 0 0 0 0 6 13 0 10 9 0 0 0 0 6 2 0 0 2 2 2 7 0 0 5 0 0 0 0 10 9 0 0 0 0 0 0 0 0 0 0 0 0 0 0 
0 0 0 0 0 0 0 6 0 0 0 0 0 0 0 0 0 0 0 0 10 4 9 0 0 0 8 11 0 0 0 0 0 0 3 0 0 0 6 2 13 0 0 3 0 0 6 2 2 13 0 0 0 0 0 0 12 2 2 13 0 0 0 0 3 0 0 0 0 0 0 0 0 0 0 0 0 0 0 0 
0 0 0 0 0 0 6 0 0 0 0 0 0 0 0 0 0 0 0 0 3 0 0 0 0 0 0 8 11 0 0 0 0 10 9 0 0 0 5 0 0 0 0 3 0 0 5 0 0 0 0 0 0 0 0 0 0 0 0 0 0 0 0 10 9 0 0 0 0 0 0 0 0 0 0 0 0 0 0 0 
0 0 0 0 0 1 0 0 0 0 10 4 4 4 11 0 0 0 0 10 9 0 0 0 0 0 0 0 8 4 11 0 10 9 0 0 0 6 13 0 0 0 0 12 2 2 13 0 0 0 0 0 0 0 0 0 0 0 0 0 0 0 10 9 0 0 0 0 0 0 0 0 0 0 0 0 0 0 0 0 
0 0 0 0 0 6 0 0 10 4 9 0 0 0 8 11 0 0 0 3 0 0 0 0 0 0 0 0 0 0 8 4 9 0 0 0 0 5 0 0 0 0 0 0 0 0 0 0 0 0 0 0 0 0 0 0 0 0 0 0 10 4 9 0 0 0 0 0 0 0 0 0 0 0 0 0 0 0 0 0 
0 0 0 0 1 0 0 0 3 0 0 0 0 0 0 5 0 0 0 3 0 0 0 0 0 0 0 0 0 0 0 0 0 0 0 0 0 8 11 0 0 0 0 0 0 0 0 0 0 0 0 0 0 0 0 0 0 0 10 4 9 0 0 0 0 0 0 0 0 0 0 0 0 0 0 0 0 0 0 0 
0 0 0 0 6 0 0 0 3 0 0 0 0 0 0 8 11 0 0 12 2 7 0 0 0 0 0 0 0 0 0 0 0 0 0 0 0 0 8 4 4 4 4 4 4 4 11 0 0 0 0 0 0 0 0 0 10 4 9 0 0 0 0 0 0 0 0 0 0 0 0 0 0 0 0 0 0 0 0 0 
0 0 0 1 0 0 0 0 3 0 0 0 0 0 0 0 5 0 0 0 4 9 0 0 0 0 0 0 0 0 0 0 0 0 0 0 0 0 0 0 0 0 0 0 0 0 8 4 4 4 4 4 4 0 0 4 9 0 0 0 0 0 0 0 0 0 0 0 0 0 0 0 0 0 0 0 0 0 0 0 
0 0 0 1 0 0 0 0 12 7 0 0 0 0 0 0 5 0 0 0 1 0 0 0 0 0 0 0 0 0 0 0 0 0 0 0 0 0 0 0 0 0 0 0 0 0 0 0 0 0 0 0 1 0 0 1 0 0 0 0 0 0 0 0 0 0 0 0 0 0 0 0 0 0 0 0 0 0 0 0 
0 0 0 1 0 0 0 0 0 12 7 0 0 0 0 6 13 0 0 0 1 0 0 0 0 0 0 0 0 0 0 0 0 0 0 0 0 0 0 0 0 0 0 0 0 0 0 0 0 0 0 0 1 0 0 1 0 0 0 0 0 0 0 0 0 0 0 0 0 0 0 0 0 0 0 0 0 0 0 0 
0 0 0 0 8 0 0 0 0 0 12 2 2 2 2 13 0 0 0 0 1 0 0 0 0 0 0 0 0 0 0 0 0 0 0 0 0 0 0 0 0 0 0 0 0 0 0 0 0 0 0 0 1 0 0 1 0 0 0 0 0 0 0 0 0 0 0 0 0 0 0 0 0 0 0 0 0 0 0 0 
0 0 0 0 1 0 0 0 0 0 0 0 0 0 0 0 0 0 0 9 0 0 0 0 0 0 0 0 0 0 0 0 0 0 0 0 0 0 0 0 0 0 0 0 0 0 0 0 0 0 0 0 1 0 0 1 0 0 0 0 0 0 0 0 0 0 0 0 0 0 0 0 0 0 0 0 0 0 0 0 
0 0 0 0 0 8 0 0 0 0 0 0 0 0 0 0 0 0 4 0 0 0 0 0 0 0 0 0 0 0 0 0 0 0 0 0 0 0 0 0 0 0 0 0 0 0 0 0 0 6 2 2 2 0 0 2 2 7 0 0 0 0 0 0 0 0 0 0 0 0 0 0 0 0 0 0 0 0 0 0 
0 0 0 0 0 0 8 4 0 0 0 0 0 0 0 4 4 9 0 0 0 0 0 0 0 0 0 0 0 0 0 0 0 0 0 0 0 0 0 0 0 0 0 0 0 0 0 0 0 5 0 0 0 0 0 0 0 9 0 0 0 0 0 0 0 0 0 0 0 0 0 0 0 0 0 0 0 0 0 0 
0 0 0 0 0 0 0 0 8 4 4 4 4 4 9 0 0 0 0 0 0 0 0 0 0 0 0 0 0 0 0 0 0 0 0 0 0 0 0 0 0 0 0 0 0 0 0 0 0 8 0 0 0 0 0 0 0 1 0 0 0 0 0 0 0 0 0 0 0 0 0 0 0 0 0 0 0 0 0 0 
0 0 0 0 0 0 0 0 0 0 0 0 0 0 0 0 0 0 0 0 0 0 0 0 0 0 0 0 0 0 0 0 0 0 0 0 0 0 0 0 0 0 0 0 0 0 0 0 0 0 8 0 0 0 0 0 9 0 0 0 0 0 0 0 0 0 0 0 0 0 0 0 0 0 0 0 0 0 0 0 
0 0 0 0 0 0 0 0 0 0 0 0 0 0 0 0 0 0 0 0 0 0 0 0 0 0 0 0 0 0 0 0 0 0 0 0 0 0 0 0 0 0 0 0 0 0 0 0 0 0 1 0 0 0 0 0 7 0 0 0 0 0 0 0 0 0 0 0 0 0 0 0 0 0 0 0 0 0 0 0 
0 0 0 0 0 0 0 0 0 0 0 0 0 0 0 0 0 0 0 0 0 0 0 0 0 0 0 0 0 0 0 0 0 0 0 0 0 0 0 0 0 0 0 0 0 0 0 0 0 0 1 0 0 0 0 0 0 1 0 0 0 0 0 0 0 0 0 0 0 0 0 0 0 0 0 0 0 0 0 0 
